0.000000 0.000864 0.000562 0.000256 0.000001
0.000000 0.000003 0.000026 0.000004 0.000000
0.000000 0.000016 0.000016 0.000002 0.000001
0.000000 0.000010 0.000011 0.000007 0.000001
0.000000 0.000015 0.000046 0.000018 0.000001
0.000000 0.000041 0.000177 0.000031 0.000001
0.000000 0.000009 0.000199 0.000022 0.000001
0.000000 0.000161 0.000141 0.000054 0.000000
0.000000 0.000602 0.000365 0.000171 0.000001
0.000000 0.000169 0.000160 0.000062 0.000001
0.000001 0.000176 0.000133 0.000061 0.000006
0.000002 0.000006 0.000008 0.000130 0.000016
0.000002 0.000001 0.000006 0.000135 0.000017
0.000002 0.000021 0.000018 0.000088 0.000011
0.000001 0.000001 0.000004 0.000121 0.000013
0.000000 0.000006 0.000006 0.000020 0.000004
0.000001 0.000000 0.000001 0.000026 0.000005
0.006313 0.012750 0.010533 0.004834 0.000023
0.000003 0.000827 0.000252 0.000133 0.000022
0.000000 0.001359 0.001214 0.000455 0.000028
0.000017 0.002575 0.002082 0.000871 0.000032
0.000034 0.002720 0.002729 0.001119 0.000031
0.000002 0.027221 0.021219 0.009685 0.000035
0.000123 0.015343 0.010957 0.005104 0.000033
0.000317 0.004635 0.001220 0.000329 0.000041
0.000071 0.003892 0.000867 0.000159 0.000044
0.000000 0.000111 0.000088 0.000038 0.000000
0.000000 0.000000 0.000003 0.000001 0.000000
0.000000 0.000002 0.000003 0.000002 0.000000
0.000000 0.000072 0.000060 0.000026 0.000000
0.000000 0.000027 0.000016 0.000007 0.000000
0.000000 0.000002 0.000008 0.000004 0.000000
0.000000 0.000001 0.000011 0.000005 0.000000
0.000000 0.000001 0.000001 0.000001 0.000000
0.000000 0.000001 0.000013 0.000006 0.000000
0.000000 0.000000 0.000013 0.000006 0.000000
0.000002 0.002586 0.000805 0.000160 0.037723
0.000000 0.002576 0.000788 0.000159 0.037706
0.000001 0.000005 0.000008 0.000003 0.000001
0.000000 0.000004 0.000005 0.000002 0.000001
0.000000 0.000004 0.000006 0.000002 0.000001
0.000000 0.000000 0.000000 0.000001 0.000001
0.000000 0.000006 0.000009 0.000003 0.000000
0.000000 0.000007 0.000004 0.000002 0.000000
0.000000 0.000007 0.000003 0.000002 0.000000
0.000027 0.000009 0.000002 0.000001 0.000000
0.000000 0.000000 0.000000 0.000000 0.000000
0.000000 0.000001 0.000000 0.000000 0.000000
0.000000 0.000001 0.000001 0.000000 0.000000
0.000000 0.000000 0.000000 0.000000 0.000000
0.000000 0.000000 0.000000 0.000000 0.000000
0.000000 0.000001 0.000002 0.000000 0.000000
0.000000 0.000001 0.000002 0.000000 0.000000
0.000000 0.000000 0.000001 0.000000 0.000000
0.000000 0.000000 0.000000 0.000000 0.000000
0.000000 0.000001 0.000001 0.000000 0.000000
0.000000 0.000000 0.000000 0.000000 0.000000
0.000000 0.000000 0.000000 0.000000 0.000000
0.000000 0.000000 0.000000 0.000000 0.000000
0.000000 0.000006 0.000005 0.000002 0.000000
0.000000 0.000004 0.000002 0.000001 0.000000
0.000000 0.000006 0.000005 0.000002 0.000000
0.000005 0.000011 0.000010 0.000004 0.000000
0.000000 0.000003 0.000003 0.000001 0.000000
0.000000 0.000003 0.000003 0.000001 0.000000
0.000000 0.000000 0.000000 0.000000 0.000000
0.000000 0.000000 0.000000 0.000000 0.000000
0.000000 0.000001 0.000001 0.000000 0.000000
0.000000 0.000001 0.000001 0.000000 0.000000
0.000000 0.000001 0.000001 0.000000 0.000000
0.000000 0.000000 0.000000 0.000000 0.000000
0.000000 0.000000 0.000000 0.000000 0.000000
0.000000 0.000000 0.000000 0.000000 0.000000
0.000000 0.000000 0.000000 0.000000 0.000000
0.000000 0.000000 0.000000 0.000000 0.000000
0.000003 0.000002 0.000001 0.026364 0.006132
0.000003 0.000001 0.000001 0.036725 0.002737
0.000074 0.602978 0.443404 0.213908 0.000897
0.000004 0.668368 0.658885 0.300265 0.000851
0.000004 0.037646 0.009837 0.011575 0.002238
0.000518 0.029416 0.045710 0.019721 0.002251
0.000070 0.031336 0.040296 0.017705 0.002122
0.002623 0.568771 0.374540 0.174817 0.001716
0.000101 0.817093 0.715388 0.332368 0.001447
0.009052 0.116793 0.082106 0.039568 0.001620
0.000000 0.000000 0.000000 0.000000 0.000000
0.000000 0.000000 0.000000 0.000000 0.000000
0.000000 0.000000 0.000000 0.000000 0.000000
0.015501 0.313238 0.252034 0.116444 0.001152
0.004639 0.051456 0.021176 0.009008 0.001599
0.018482 0.030066 0.016121 0.006234 0.000890
0.000125 0.131101 0.053390 0.028867 0.001630
0.008714 0.155223 0.112706 0.038829 0.000881
0.000988 0.083914 0.120333 0.010271 0.000850
0.001550 0.184245 0.125571 0.047960 0.000695
0.001213 0.019594 0.022143 0.005560 0.000521
0.001853 0.034043 0.051116 0.010839 0.000733
0.009834 0.077972 0.074972 0.029198 0.000773
0.000001 0.044165 0.072517 0.009136 0.000480
0.002348 0.021116 0.053169 0.004742 0.000372
0.005282 0.133209 0.099358 0.040153 0.000470
0.002136 0.079858 0.030024 0.010526 0.001102
0.003452 0.033639 0.015535 0.002919 0.000507
0.000509 0.094891 0.087330 0.039601 0.000325
0.000466 0.004023 0.001939 0.000848 0.000203
0.000482 0.012620 0.008322 0.003044 0.000144
0.001632 0.009065 0.006489 0.001915 0.000168
0.000846 0.010492 0.005166 0.001704 0.000159
0.009519 0.032366 0.024239 0.010292 0.000125
0.000078 0.013325 0.017253 0.005284 0.000074
0.002597 0.023592 0.019562 0.010078 0.000273
0.009992 0.033551 0.035259 0.014503 0.000109
0.000009 0.081937 0.069151 0.015136 0.000836
0.001441 0.011542 0.009056 0.005414 0.000138
0.000046 0.001705 0.006599 0.001599 0.000148
0.000728 0.000774 0.002185 0.000858 0.000123
0.014366 0.051654 0.047224 0.019199 0.000232
0.000001 0.000129 0.000064 0.000021 0.000097
0.000007 0.000125 0.000115 0.000034 0.000081
0.000061 0.028009 0.015514 0.006622 0.000179
0.004428 0.014998 0.014254 0.006030 0.000079
0.000002 0.000019 0.000426 0.000240 0.000065
0.000003 0.000188 0.000586 0.000399 0.000077
0.000000 0.000043 0.000045 0.000006 0.000021
0.000002 0.000058 0.000061 0.000011 0.000054
0.000001 0.000099 0.000039 0.000015 0.000084
0.000002 0.000041 0.000013 0.000005 0.000018
0.000526 0.011192 0.007142 0.000660 0.000135
0.000006 0.001879 0.002562 0.000844 0.000051
0.000565 0.002939 0.003888 0.001615 0.000023
0.000014 0.002683 0.000486 0.000215 0.000035
0.000000 0.001209 0.000954 0.000431 0.000002
0.000087 0.000991 0.000960 0.000429 0.000002
0.062758 0.359197 0.265848 0.127556 0.000437
0.000205 0.005016 0.003024 0.001194 0.000026
0.000022 0.001918 0.001272 0.000613 0.000006
0.003940 0.022193 0.016614 0.007960 0.000034
0.000084 0.000486 0.000341 0.000179 0.000005
0.000006 0.000216 0.001152 0.000081 0.000004
0.000415 0.002361 0.001745 0.000840 0.000004
0.000939 0.005346 0.003946 0.001892 0.000007
0.000086 0.004416 0.004266 0.001969 0.000011
0.000042 0.000586 0.001053 0.000163 0.000008
0.000006 0.001240 0.000158 0.000062 0.000022
0.000395 0.002261 0.001690 0.000822 0.000006
0.000327 0.001869 0.001381 0.000668 0.000005
0.000033 0.000177 0.000411 0.000048 0.000010
0.000001 0.002241 0.000710 0.000091 0.022369
0.000000 0.002274 0.000754 0.000094 0.022364
0.000002 0.000027 0.000020 0.012838 0.003678
0.000003 0.000001 0.000001 0.025297 0.002566
0.000002 0.000001 0.000002 0.012539 0.003792
0.000002 0.000001 0.000002 0.011126 0.005254
0.000000 0.000001 0.000001 0.000047 0.006595
0.000001 0.000004 0.006352 0.003249 0.000101
0.000001 0.000016 0.000013 0.006799 0.002042
0.000001 0.000004 0.006995 0.002620 0.000061
0.000049 0.027640 0.072620 0.002920 0.000436
0.000024 0.026893 0.056460 0.005270 0.000369
0.002634 0.014493 0.022234 0.002614 0.000395
0.000001 0.000002 0.003624 0.002601 0.000030
0.000000 0.000003 0.000494 0.000551 0.000078
0.000001 0.000047 0.002850 0.001643 0.000074
0.000000 0.000000 0.000000 0.000000 0.000000
0.000000 0.000000 0.000000 0.000000 0.000000
0.000144 0.047967 0.145316 0.002788 0.000638
0.000000 0.000001 0.000001 0.001562 0.001652
0.000000 0.000001 0.000001 0.001752 0.002647
0.000000 0.000000 0.000000 0.000015 0.000002
0.000000 0.000000 0.000000 0.000013 0.000008
0.000000 0.000000 0.000000 0.000010 0.000003
0.000000 0.000000 0.000000 0.000003 0.000006
0.000000 0.000000 0.000000 0.000000 0.000006
0.000000 0.000000 0.000000 0.000000 0.000000
0.000000 0.000000 0.000000 0.000000 0.000000
0.000000 0.000000 0.000000 0.000000 0.000004
0.000000 0.000000 0.000000 0.000000 0.000004
0.000000 0.000000 0.000000 0.000006 0.000001
0.000000 0.000001 0.000000 0.000000 0.000000
0.000000 0.000001 0.000000 0.000000 0.000000
0.000013 0.000009 0.000013 0.050968 0.014827
0.000012 0.000007 0.000009 0.058780 0.012941
0.000010 0.000009 0.000013 0.052221 0.014198
0.000018 0.000009 0.008444 0.013481 0.002774
0.001330 0.003254 0.036152 0.002869 0.000280
0.000007 0.000135 0.000138 0.035393 0.008749
0.000027 0.000015 0.011641 0.010234 0.001643
0.000000 0.000000 0.000000 0.000550 0.000284
0.000000 0.000000 0.000000 0.000743 0.000376
0.000001 0.000002 0.001428 0.000524 0.000121
0.000000 0.000000 0.000000 0.000429 0.000416
0.000000 0.000000 0.000000 0.000153 0.000006
0.000000 0.000000 0.000000 0.000088 0.000104
0.000000 0.000104 0.000437 0.000116 0.000023
0.000000 0.000000 0.000000 0.000014 0.000155
0.000000 0.000000 0.000000 0.000009 0.000133
0.000000 0.000000 0.000094 0.000011 0.000006
0.000000 0.000000 0.000000 0.000005 0.000206
0.000000 0.000000 0.000001 0.000002 0.000000
0.000000 0.000000 0.000004 0.000038 0.000002
0.000000 0.000000 0.000000 0.000020 0.000001
0.000000 0.000000 0.000031 0.000027 0.000002
0.000003 0.000009 0.000499 0.000609 0.000296
0.000000 0.000077 0.000280 0.000096 0.000008
0.000002 0.000030 0.000115 0.000095 0.000003
0.000005 0.000035 0.000292 0.000263 0.000108
0.000004 0.000105 0.000234 0.000151 0.000020
0.000000 0.000000 0.000000 0.000037 0.000002
0.000006 0.009114 0.015437 0.006790 0.000336
0.000791 0.015759 0.016357 0.008474 0.000513
0.000068 0.003809 0.038790 0.023769 0.004725
0.000699 0.004004 0.074994 0.025797 0.006616
0.000048 0.000927 0.028555 0.024943 0.003986
0.000019 0.001487 0.030977 0.018775 0.012973
0.002337 0.010921 0.027956 0.006645 0.006032
0.002943 0.026641 0.019397 0.005138 0.002928
0.003419 0.009191 0.015452 0.024860 0.010560
0.002369 0.016946 0.023765 0.008296 0.005140
0.004284 0.035358 0.013227 0.009333 0.003840
0.001178 0.049588 0.004991 0.002310 0.000148
0.000008 0.031766 0.024011 0.005330 0.001143
0.015088 0.028668 0.018490 0.006068 0.002382
0.003031 0.161928 0.086182 0.037896 0.003168
0.005883 0.101092 0.059886 0.026284 0.002810
0.001745 0.054862 0.012506 0.007321 0.003178
0.000350 0.020816 0.004747 0.010410 0.063058
0.000102 0.039713 0.061837 0.013834 0.003839
0.003554 0.012805 0.057028 0.012380 0.005279
0.001152 0.052491 0.039722 0.019348 0.002341
0.056509 0.017629 0.042006 0.011030 0.000935
0.000247 0.045278 0.034237 0.009442 0.002063
0.001477 0.020105 0.051414 0.012048 0.004417
0.000202 0.001665 0.023222 0.007790 0.000757
0.001696 0.042196 0.029419 0.009738 0.001423
0.006769 0.006013 0.028763 0.003544 0.000487
0.000009 0.000243 0.014182 0.011092 0.001378
0.003534 0.017125 0.025606 0.010255 0.000471
0.002433 0.010027 0.028808 0.002948 0.001927
0.002267 0.003869 0.022428 0.002815 0.000576
0.000138 0.001666 0.007667 0.006612 0.000763
0.003680 0.029168 0.017539 0.007112 0.000189
0.001191 0.022437 0.005474 0.004133 0.000266
0.002600 0.006477 0.010407 0.001930 0.000315
0.000099 0.012419 0.008115 0.004994 0.000296
0.000003 0.002285 0.006547 0.003277 0.000263
0.000033 0.004249 0.015636 0.001570 0.000402
0.000413 0.005382 0.006377 0.000602 0.000074
0.000210 0.003430 0.005676 0.001695 0.000091
0.000003 0.000025 0.000028 0.003263 0.001821
0.000000 0.000007 0.000210 0.000192 0.000098
0.000002 0.000008 0.000864 0.000114 0.000061
0.000016 0.000034 0.001264 0.000103 0.000219
0.000001 0.000019 0.000208 0.000110 0.000103
0.000003 0.000019 0.000787 0.000135 0.000173
0.000001 0.000040 0.000468 0.000158 0.000027
0.000005 0.000030 0.000254 0.000133 0.000026
0.000000 0.000018 0.000127 0.000087 0.000038
0.000232 0.000459 0.000324 0.000052 0.000040
0.000103 0.000266 0.000154 0.000050 0.000007
0.000053 0.000128 0.000170 0.000016 0.000024
0.000096 0.000109 0.000125 0.000007 0.000006
0.000064 0.000253 0.000341 0.000028 0.000038
0.000005 0.000073 0.000450 0.000051 0.000025
0.000036 0.000241 0.000258 0.000014 0.000014
0.000109 0.000201 0.000167 0.000025 0.000009
0.000003 0.000250 0.000149 0.000050 0.000012
0.000005 0.000394 0.000234 0.000020 0.000006
0.000552 0.046664 0.007438 0.003869 0.000835
0.001303 0.005877 0.047987 0.020265 0.009693
0.000467 0.020245 0.006858 0.003680 0.000824
0.020681 0.011042 0.008880 0.023097 0.008351
0.003175 0.029854 0.028189 0.001972 0.000338
0.000011 0.001194 0.051101 0.150930 0.002126
0.000031 0.002177 0.045345 0.102132 0.004751
0.005634 0.032027 0.015088 0.007206 0.002107
0.000230 0.020889 0.017101 0.008375 0.004225
0.000000 0.000008 0.000023 0.043163 0.029430
0.000000 0.000009 0.000027 0.098759 0.028536
0.000000 0.000343 0.000609 0.028921 0.025144
0.000001 0.000116 0.000967 0.072803 0.017961
0.000003 0.000035 0.000915 0.032813 0.026461
0.000022 0.000079 0.039970 0.009535 0.002816
0.000026 0.000057 0.088962 0.009732 0.002519
0.000103 0.035710 0.038865 0.022735 0.002901
0.001591 0.003914 0.006490 0.000455 0.000072
0.000057 0.006511 0.003545 0.001362 0.000188
0.001190 0.002482 0.003757 0.001388 0.000317
0.000000 0.000001 0.000005 0.003667 0.003417
0.000429 0.009477 0.004552 0.001745 0.000294
0.000000 0.001914 0.002327 0.001406 0.000528
0.000026 0.010782 0.002165 0.001433 0.000322
0.049813 0.137328 0.116507 0.051344 0.002569
0.000022 0.000264 0.000172 0.023057 0.015994
0.000000 0.000084 0.000071 0.023964 0.015802
0.000000 0.000491 0.000120 0.000086 0.000663
0.000001 0.001380 0.000395 0.000151 0.001692
0.000420 0.018865 0.008802 0.001673 0.028934
0.000000 0.019466 0.005738 0.001637 0.027532
0.000020 0.001423 0.000308 0.072936 0.011399
0.000160 0.009107 0.001997 0.018329 0.029084
0.000001 0.000106 0.000067 0.000279 0.008545
0.000071 0.000123 0.000078 0.063683 0.016657
0.000106 0.000690 0.000577 0.021868 0.017026
0.000000 0.021899 0.006770 0.001440 0.084753
0.000001 0.000139 0.000185 0.000021 0.000009
0.000002 0.000031 0.000012 0.061660 0.011168
0.000062 0.000106 0.000285 0.000032 0.000004
0.070493 0.012208 0.004947 0.005145 0.003730
0.000899 0.012181 0.011679 0.002694 0.000458
0.000807 0.005258 0.023950 0.007729 0.002657
0.000003 0.000032 0.000271 0.017309 0.033798
0.000086 0.008635 0.010211 0.003653 0.002068
0.001460 0.003367 0.003357 0.000474 0.000072
0.000045 0.002889 0.001184 0.000330 0.000023
0.000000 0.000079 0.019849 0.010232 0.002400
0.000362 0.000448 0.003072 0.000438 0.000022
0.000133 0.009112 0.003262 0.001480 0.000385
0.000029 0.005833 0.005034 0.004618 0.000584
0.000053 0.013566 0.007230 0.007413 0.003754
0.000000 0.000043 0.022955 0.011647 0.001889
0.000003 0.004565 0.005126 0.002146 0.000818
0.000053 0.022555 0.005529 0.001277 0.000018
0.000000 0.019628 0.005951 0.000776 0.000003
0.000116 0.000019 0.038731 0.007588 0.002433
0.000002 0.000071 0.051046 0.007454 0.001891
0.000004 0.000042 0.001455 0.065852 0.007963
0.000013 0.001553 0.000834 0.001365 0.000198
0.000000 0.000126 0.000057 0.000015 0.000007
0.000000 0.000025 0.000324 0.000054 0.000018
0.000009 0.000027 0.000197 0.000033 0.000015
0.000000 0.000003 0.000007 0.000005 0.000001
0.000000 0.000004 0.000004 0.000002 0.000000
0.000001 0.000003 0.000003 0.000003 0.000000
0.000000 0.000000 0.000002 0.000003 0.000001
0.000000 0.000001 0.000003 0.000004 0.000001
0.000000 0.000001 0.000002 0.000005 0.000001
0.000187 0.010079 0.034610 0.063850 0.000871
0.000760 0.047262 0.033570 0.071730 0.001957
0.004619 0.034195 0.009213 0.002832 0.000161
0.000004 0.000464 0.000592 0.001854 0.024665
0.000001 0.000039 0.000079 0.004108 0.002069
0.000206 0.003612 0.040945 0.095425 0.005188
0.006556 0.034955 0.024586 0.006332 0.000361
0.000126 0.006489 0.029153 0.027845 0.001747
0.000242 0.004573 0.021257 0.018567 0.001736
0.000153 0.015408 0.024351 0.032236 0.001539
0.000104 0.002447 0.001984 0.058222 0.096278
0.000006 0.000647 0.000836 0.062624 0.158519
0.000002 0.000070 0.044538 0.014620 0.001365
0.000002 0.000896 0.002334 0.006656 0.000477
0.000027 0.011801 0.007916 0.007404 0.000345
0.000031 0.000734 0.003913 0.003529 0.000852
0.000010 0.001439 0.014165 0.034387 0.000835
0.000080 0.000212 0.004230 0.004818 0.001276
0.000091 0.008724 0.023691 0.022389 0.000750
0.000003 0.003282 0.002901 0.003167 0.000128
0.000000 0.000741 0.000071 0.000044 0.000014
0.000000 0.000128 0.000128 0.000198 0.000011
0.000008 0.000034 0.000050 0.000128 0.000011
0.000048 0.000448 0.001808 0.000245 0.000146
0.000006 0.000096 0.000827 0.000137 0.000026
0.000026 0.000236 0.000166 0.000279 0.000030
0.000011 0.000647 0.000935 0.000100 0.000012
0.000083 0.000219 0.000320 0.000201 0.000043
0.000015 0.000055 0.000129 0.000264 0.000059
0.000002 0.000023 0.000099 0.000194 0.000021
0.000000 0.000000 0.000000 0.000037 0.000011
0.000000 0.000000 0.000000 0.000012 0.000014
0.000000 0.000002 0.000002 0.000003 0.000083
0.000000 0.000000 0.000000 0.000000 0.000121
0.000000 0.000003 0.000002 0.000017 0.000104
0.000001 0.000034 0.000015 0.000007 0.000001
0.000000 0.000000 0.000000 0.000016 0.000096
0.000000 0.000005 0.000005 0.000003 0.000000
0.000000 0.000006 0.000005 0.000004 0.000000
0.000000 0.000011 0.000007 0.000003 0.000000
0.000000 0.000004 0.000001 0.000002 0.000000
0.000000 0.000019 0.000005 0.000001 0.000000
0.000000 0.000003 0.000002 0.000002 0.000000
0.000000 0.000001 0.000002 0.000002 0.000000
0.000000 0.000007 0.000003 0.000001 0.000000
0.000000 0.000010 0.000001 0.000003 0.000000
0.000000 0.000003 0.000002 0.000002 0.000000
0.000012 0.004466 0.030562 0.112150 0.003588
0.004760 0.053179 0.013309 0.007779 0.000834
0.000726 0.001701 0.062061 0.016725 0.005806
0.000221 0.001951 0.038662 0.008636 0.000360
0.000341 0.004393 0.041761 0.020078 0.003956
0.000031 0.003361 0.011661 0.020137 0.001454
0.000435 0.009284 0.020563 0.024162 0.000491
0.003767 0.042114 0.009869 0.009537 0.000438
0.000013 0.004601 0.039534 0.024339 0.002823
0.000001 0.001347 0.002881 0.017555 0.003012
0.000000 0.000322 0.000319 0.018021 0.020291
0.000018 0.000713 0.000540 0.000523 0.000016
0.000000 0.000013 0.001417 0.002764 0.001583
0.000014 0.000247 0.002225 0.000669 0.000157
0.000000 0.000025 0.003239 0.001672 0.000312
0.000035 0.001570 0.000536 0.000281 0.000034
0.000289 0.006097 0.002134 0.004980 0.008302
0.000014 0.000885 0.016861 0.001911 0.150599
0.000000 0.000764 0.000565 0.000232 0.000322
0.000000 0.000079 0.000035 0.000262 0.000471
0.000139 0.001687 0.000792 0.001849 0.003105
0.000027 0.005001 0.002960 0.003607 0.000471
0.000002 0.001355 0.001335 0.002369 0.000149
0.000000 0.000016 0.000025 0.000073 0.000112
0.000000 0.000122 0.000183 0.000831 0.001328
0.000005 0.000198 0.000941 0.004711 0.000198
0.000002 0.000302 0.000168 0.000379 0.000018
0.000008 0.000218 0.000424 0.000395 0.000018
0.000000 0.000004 0.000049 0.000021 0.000005
0.000002 0.000128 0.000094 0.000343 0.000440
0.000005 0.000007 0.000009 0.000142 0.000014
0.000003 0.000386 0.000492 0.000519 0.000032
0.000005 0.000593 0.000402 0.000525 0.000026
0.000000 0.000059 0.000088 0.000190 0.000199
0.000000 0.000004 0.000013 0.000012 0.000001
0.000041 0.000140 0.000335 0.000140 0.000008
0.000006 0.000003 0.000039 0.000129 0.000010
0.000007 0.000253 0.000191 0.000180 0.000018
0.000000 0.000001 0.000004 0.000002 0.000000
0.000001 0.000012 0.000003 0.000000 0.000000
0.000004 0.000042 0.000218 0.000422 0.000910
0.000004 0.000022 0.000181 0.000155 0.000072
0.000004 0.000032 0.000090 0.000195 0.000160
0.000000 0.000009 0.000077 0.000078 0.000066
0.000214 0.011550 0.029502 0.086415 0.001934
0.000327 0.002974 0.013379 0.059848 0.002376
0.000388 0.003406 0.005568 0.000614 0.066227
0.000000 0.000004 0.000002 0.000001 0.000000
0.000001 0.000004 0.000005 0.000001 0.000000
0.000000 0.000008 0.000003 0.000001 0.000000
0.000000 0.000005 0.000007 0.000001 0.000000
0.000000 0.000006 0.000003 0.000001 0.000000
0.000000 0.000005 0.000004 0.000001 0.000000
0.000592 0.026679 0.035496 0.016944 0.003768
0.000001 0.000074 0.000126 0.004123 0.001368
0.000194 0.000216 0.016830 0.066385 0.025630
0.001617 0.001487 0.077691 0.005568 0.002999
0.000180 0.000946 0.001711 0.001808 0.000593
0.000072 0.000626 0.064367 0.006390 0.000650
0.000000 0.000089 0.004084 0.095482 0.004530
0.000002 0.000291 0.005290 0.062946 0.003522
0.000019 0.000144 0.003151 0.108765 0.005060
0.000000 0.000033 0.006711 0.008612 0.000898
0.000001 0.000079 0.006152 0.007418 0.002929
0.000000 0.000021 0.004164 0.068381 0.003466
0.000016 0.001360 0.000862 0.010584 0.000439
0.000038 0.016872 0.008358 0.001753 0.131437
0.000002 0.017273 0.007523 0.000850 0.204653
0.000001 0.000605 0.001204 0.090946 0.002926
0.000000 0.000045 0.006836 0.003459 0.003792
0.000000 0.000004 0.000004 0.000001 0.000000
0.000000 0.000002 0.000001 0.000001 0.000000
0.000000 0.000002 0.000005 0.000001 0.000000
0.000006 0.000011 0.000828 0.005768 0.001373
0.001917 0.025391 0.031486 0.003994 0.001133
0.011876 0.058221 0.009413 0.009666 0.000441
0.000963 0.002666 0.083054 0.038088 0.007691
0.000053 0.000244 0.000047 0.000407 0.000308
0.000454 0.002188 0.000418 0.001042 0.000436
0.003767 0.020318 0.004984 0.021445 0.000388
0.000432 0.000563 0.030327 0.086320 0.026351
0.000044 0.000026 0.032730 0.048177 0.014375
0.000001 0.000088 0.010927 0.012291 0.001286
0.001472 0.016384 0.085184 0.032817 0.018752
0.000000 0.000142 0.005477 0.005078 0.001926
0.000000 0.000048 0.008371 0.004642 0.002740
0.012262 0.011151 0.024641 0.004321 0.002326
0.000324 0.006848 0.001880 0.002732 0.012851
0.000000 0.000017 0.009866 0.005074 0.003319
0.000004 0.000463 0.000175 0.031904 0.001312
0.000006 0.000288 0.000541 0.132565 0.003649
0.001317 0.008586 0.029692 0.006058 0.001452
0.000007 0.005122 0.001446 0.000859 0.000050
0.003033 0.003505 0.003781 0.001124 0.000062
0.000022 0.000060 0.000312 0.000047 0.000024
0.000046 0.000734 0.049060 0.005331 0.001044
0.000000 0.000024 0.000030 0.000024 0.000002
0.000000 0.000510 0.000187 0.000088 0.000002
0.000578 0.002894 0.000668 0.000404 0.000046
0.000006 0.002402 0.001095 0.000437 0.000030
0.001818 0.001957 0.003482 0.001040 0.000038
0.000047 0.000363 0.000972 0.000196 0.000008
0.000067 0.000501 0.000197 0.000113 0.000014
0.000082 0.002353 0.001607 0.000677 0.000013
0.000002 0.000011 0.000008 0.000098 0.000022
0.000003 0.000030 0.000036 0.000202 0.000044
0.000000 0.000009 0.000050 0.000181 0.000073
0.000001 0.000005 0.000014 0.000203 0.000047
0.000001 0.000302 0.000079 0.028265 0.000868
0.000030 0.001887 0.000111 0.000241 0.000039
0.000068 0.000323 0.000475 0.000214 0.000020
0.000013 0.000306 0.000106 0.030807 0.001073
0.000000 0.000171 0.000167 0.008041 0.000639
0.000023 0.000163 0.000299 0.016302 0.000845
0.000002 0.000137 0.000217 0.014158 0.000566
0.000000 0.000000 0.000000 0.000001 0.000000
0.000000 0.000001 0.000002 0.000001 0.000000
0.000000 0.000001 0.000002 0.000001 0.000000
0.000983 0.017371 0.036202 0.006040 0.001631
0.000105 0.086376 0.042090 0.004396 0.000843
0.000094 0.000079 0.068174 0.054933 0.014860
0.000103 0.005894 0.120572 0.033262 0.005744
0.000000 0.000329 0.000205 0.000170 0.135556
0.000001 0.000455 0.000055 0.000226 0.134715
0.000000 0.000003 0.000005 0.000001 0.000000
0.000154 0.002700 0.005938 0.024318 0.000784
0.000011 0.000987 0.000818 0.031079 0.003630
0.000001 0.002383 0.002936 0.065519 0.124722
0.000008 0.000017 0.000251 0.001879 0.000908
0.000000 0.000004 0.000083 0.002976 0.001121
0.000000 0.000001 0.000001 0.000003 0.000021
0.000000 0.000002 0.000001 0.000037 0.000018
0.000003 0.000014 0.000005 0.000029 0.000035
0.000000 0.000002 0.000001 0.000026 0.000016
0.000000 0.000000 0.000005 0.000019 0.000010
0.000000 0.000002 0.000001 0.000016 0.000012
0.000060 0.000131 0.000085 0.055135 0.001568
0.000218 0.017469 0.001043 0.001190 0.000344
0.000032 0.014104 0.000516 0.001034 0.000277
0.000192 0.014740 0.000804 0.001035 0.000234
0.005677 0.005170 0.005720 0.000793 0.000480
0.000000 0.000270 0.000118 0.000025 0.000005
0.000000 0.000217 0.000104 0.000023 0.000004
0.003090 0.000464 0.000193 0.000070 0.000007
0.000000 0.000230 0.000111 0.000022 0.000004
0.000006 0.000379 0.000195 0.000057 0.000018
0.000000 0.000096 0.000086 0.000029 0.000001
0.000010 0.000666 0.000415 0.000186 0.000028
0.000000 0.000107 0.000052 0.000028 0.000001
0.000000 0.000019 0.000050 0.000015 0.000001
0.000004 0.000620 0.000721 0.000310 0.000031
0.000012 0.001137 0.000891 0.000345 0.000044
0.000001 0.000673 0.000073 0.000201 0.000032
0.000004 0.001095 0.000184 0.000119 0.000023
0.000011 0.000968 0.000686 0.000286 0.000015
0.000004 0.000451 0.000037 0.000130 0.000016
0.000001 0.000009 0.000003 0.000000 0.000000
0.000000 0.000006 0.000002 0.000002 0.000000
0.000000 0.000002 0.000004 0.000001 0.000000
0.000000 0.000022 0.000007 0.000003 0.000001
0.000005 0.000006 0.000035 0.000003 0.000000
0.000000 0.000002 0.000019 0.000002 0.000000
0.000000 0.000155 0.000090 0.000095 0.000017
0.000035 0.000557 0.000902 0.032878 0.142318
0.000001 0.000007 0.000025 0.000003 0.000000
0.000012 0.000009 0.000011 0.000003 0.000000
0.000003 0.000037 0.000013 0.000002 0.000002
0.001693 0.009341 0.027878 0.032686 0.032681
0.000008 0.001779 0.000685 0.036707 0.123706
0.011430 0.029505 0.020525 0.040671 0.006000
0.003534 0.039810 0.010712 0.021961 0.006291
0.000007 0.000332 0.000234 0.009627 0.089539
0.000000 0.000074 0.005654 0.026097 0.035875
0.000076 0.000135 0.023474 0.016845 0.001849
0.000108 0.000350 0.002971 0.011521 0.028294
0.000090 0.000443 0.016049 0.022202 0.038912
0.000070 0.000122 0.017565 0.019047 0.027365
0.000008 0.000313 0.002421 0.010381 0.030083
0.000004 0.000386 0.002316 0.023566 0.052355
0.000002 0.000380 0.000070 0.000040 0.000018
0.000031 0.047823 0.019838 0.008722 0.000461
0.000723 0.022178 0.014015 0.014790 0.000879
0.000113 0.001109 0.009300 0.010713 0.002551
0.000044 0.006908 0.010938 0.025099 0.002047
0.000000 0.004127 0.001988 0.000229 0.000027
0.000001 0.000965 0.001131 0.000510 0.000106
0.000000 0.007863 0.002342 0.000700 0.000065
0.000023 0.000626 0.003171 0.011373 0.000326
0.000015 0.021532 0.002459 0.001852 0.000159
0.000025 0.003067 0.001181 0.004760 0.000594
0.000011 0.001173 0.004044 0.002026 0.000097
0.000041 0.000909 0.000808 0.004715 0.000422
0.000038 0.000943 0.004940 0.001462 0.000523
0.000042 0.004911 0.000692 0.000447 0.000081
0.000006 0.000221 0.001688 0.002291 0.000053
0.000000 0.000034 0.000254 0.001909 0.000007
0.000001 0.000471 0.002332 0.001162 0.000028
0.000016 0.008615 0.022819 0.019427 0.031202
0.000001 0.000097 0.005143 0.023020 0.046029
0.000031 0.001644 0.001188 0.024261 0.021980
0.000074 0.005969 0.007057 0.017052 0.000144
0.000002 0.000095 0.000062 0.000032 0.000024
0.000000 0.000182 0.000562 0.000529 0.000164
0.000003 0.000459 0.001449 0.002517 0.000853
0.000486 0.003425 0.008781 0.007918 0.099641
0.002103 0.023651 0.020112 0.013014 0.019704
0.000078 0.002034 0.003667 0.016294 0.011201
0.000000 0.000369 0.002362 0.003863 0.001583
0.000084 0.005765 0.005872 0.002105 0.000223
0.000000 0.000000 0.000000 0.000000 0.000000
0.000265 0.001457 0.001941 0.034354 0.024019
0.000000 0.000000 0.000000 0.000000 0.000000
0.000956 0.028743 0.016712 0.020828 0.006198
0.000048 0.009673 0.005183 0.004586 0.000125
0.000006 0.002091 0.011414 0.002853 0.000162
0.000007 0.003202 0.001810 0.009272 0.008115
0.000000 0.000173 0.000121 0.000055 0.000000
0.000000 0.001602 0.000052 0.000734 0.000240
0.000001 0.001729 0.000245 0.000932 0.000632
0.011677 0.012365 0.013096 0.020170 0.005358
0.001395 0.003286 0.015106 0.049710 0.007040
0.000101 0.000934 0.002412 0.014531 0.041282
0.000015 0.004336 0.005266 0.011171 0.016295
0.000000 0.000000 0.000000 0.000000 0.000000
0.000000 0.000000 0.000000 0.000000 0.000000
0.000000 0.000000 0.000000 0.000000 0.000000
0.000000 0.007923 0.001096 0.008441 0.006983
0.000033 0.000785 0.002949 0.006472 0.003697
0.000039 0.000986 0.003568 0.006830 0.002906
0.000004 0.003699 0.013767 0.005435 0.004709
0.000071 0.000870 0.006385 0.004403 0.004106
0.000034 0.002802 0.004619 0.013302 0.017098
0.000000 0.000000 0.000000 0.000000 0.000000
0.000010 0.005150 0.002841 0.006867 0.005458
0.000009 0.001497 0.007589 0.025741 0.000387
0.000131 0.003228 0.004156 0.004723 0.016514
0.000067 0.000926 0.001760 0.001065 0.000079
0.000446 0.006336 0.005044 0.003562 0.000397
0.000000 0.003930 0.001856 0.004283 0.000116
0.000000 0.001413 0.004138 0.000716 0.000036
0.000004 0.000307 0.001458 0.001163 0.000042
0.000005 0.000142 0.000303 0.000299 0.000018
0.000120 0.003551 0.002153 0.000659 0.000039
0.000011 0.003819 0.001619 0.007769 0.013565
0.000002 0.000595 0.001490 0.001006 0.000025
0.000014 0.000400 0.000237 0.000196 0.000022
0.000004 0.000970 0.000777 0.000425 0.000041
0.000006 0.000011 0.000017 0.000002 0.000000
0.000000 0.000063 0.000043 0.000020 0.000000
0.000000 0.000189 0.000160 0.000072 0.000000
0.000033 0.008001 0.004439 0.010615 0.006997
0.000000 0.000044 0.000019 0.000009 0.000000
0.000023 0.000693 0.000417 0.000484 0.000079
0.000033 0.000098 0.000093 0.000036 0.000000
0.000034 0.000067 0.000058 0.000022 0.000000
0.000034 0.000038 0.000040 0.000013 0.000000
0.000001 0.000192 0.000514 0.000758 0.000054
0.000000 0.000009 0.000006 0.000003 0.000000
0.000000 0.000006 0.000003 0.000002 0.000000
0.000001 0.000050 0.000012 0.000008 0.000001
0.000002 0.000055 0.000012 0.000009 0.000001
0.000000 0.000002 0.000001 0.000001 0.000000
0.000000 0.000027 0.000008 0.000005 0.000000
0.000000 0.000029 0.000002 0.000005 0.000001
0.000000 0.000007 0.000010 0.000003 0.000000
0.000000 0.000039 0.000025 0.000012 0.000000
0.000012 0.000151 0.000021 0.000011 0.000003
0.000000 0.001387 0.000020 0.000714 0.000168
0.000000 0.001901 0.000193 0.000872 0.000414
0.000233 0.005449 0.013137 0.024021 0.007514
0.000000 0.001402 0.000046 0.000840 0.000473
0.000000 0.000961 0.000136 0.001184 0.001924
0.000169 0.000826 0.000272 0.000816 0.000008
0.000000 0.007349 0.021214 0.022333 0.011164
0.001105 0.005948 0.008608 0.004378 0.010370
0.000014 0.000093 0.000016 0.000008 0.000004
0.000093 0.001680 0.002439 0.016009 0.041082
0.000000 0.000004 0.000006 0.000002 0.000000
0.000016 0.001054 0.001041 0.003332 0.000185
0.000001 0.000896 0.000124 0.000847 0.000722
0.000000 0.000011 0.000008 0.000005 0.000000
0.000002 0.000018 0.000001 0.000001 0.000000
0.000012 0.000177 0.000025 0.000008 0.000003
0.000001 0.000004 0.000003 0.000002 0.000000
0.000002 0.001372 0.011407 0.009618 0.003170
0.000001 0.002090 0.000164 0.000622 0.000427
0.000004 0.000003 0.000004 0.000002 0.000000
0.004815 0.009617 0.005885 0.005389 0.011879
0.000000 0.000002 0.000003 0.000001 0.000000
0.000000 0.000007 0.000007 0.000003 0.000000
0.000000 0.000003 0.000002 0.000001 0.000000
0.000015 0.000202 0.001175 0.003460 0.000055
0.000000 0.000293 0.000435 0.001174 0.000066
0.000024 0.000523 0.000253 0.000822 0.000031
0.000004 0.003738 0.002383 0.006356 0.044731
0.001205 0.002969 0.022456 0.026225 0.016705
0.000007 0.000092 0.000332 0.000884 0.000027
0.000027 0.000321 0.000233 0.000516 0.000008
0.000036 0.002042 0.009334 0.018938 0.027667
0.004649 0.004514 0.014926 0.025280 0.007455
0.000015 0.009090 0.009241 0.014104 0.006826
0.001481 0.003185 0.006144 0.017139 0.017644
0.000119 0.004584 0.002955 0.004692 0.001339
0.000271 0.001278 0.007804 0.008825 0.005558
0.000044 0.000570 0.004108 0.004751 0.002725
0.000001 0.000779 0.001790 0.001871 0.002687
0.000000 0.000001 0.000001 0.000001 0.000000
0.000001 0.000003 0.000004 0.000001 0.000000
0.000000 0.000001 0.000003 0.000001 0.000000
0.000000 0.000002 0.000001 0.000000 0.000000
0.000000 0.000002 0.000001 0.000000 0.000000
0.000000 0.000000 0.000001 0.000001 0.000000
0.000000 0.000001 0.000002 0.000001 0.000000
0.000000 0.000001 0.000000 0.000000 0.000000
0.000000 0.000000 0.000000 0.000000 0.000000
0.000001 0.000000 0.000000 0.000000 0.000000
0.000000 0.000000 0.000001 0.000000 0.000000
0.000000 0.000003 0.000001 0.000001 0.000000
0.000000 0.000001 0.000002 0.000001 0.000000
0.000000 0.000011 0.000010 0.000004 0.000000
0.000000 0.000001 0.000001 0.000000 0.000000
0.000000 0.000002 0.000002 0.000000 0.000000
0.000000 0.000002 0.000001 0.000000 0.000000
0.000000 0.000005 0.000004 0.000001 0.000000
0.000000 0.000001 0.000002 0.000001 0.000000
0.000000 0.000002 0.000002 0.000001 0.000000
0.000017 0.006145 0.006484 0.015960 0.011996
0.001204 0.000844 0.001723 0.004705 0.004188
0.000000 0.000000 0.000000 0.000000 0.000000
0.000000 0.000006 0.000022 0.000039 0.000001
0.000000 0.000012 0.000013 0.000016 0.000000
0.000000 0.000013 0.000015 0.000018 0.000000
0.000000 0.000016 0.000018 0.000033 0.000000
0.000000 0.000002 0.000001 0.000002 0.000000
0.000000 0.000015 0.000012 0.000018 0.000000
0.000000 0.000003 0.000006 0.000015 0.000000
0.000000 0.000006 0.000008 0.000018 0.000001
0.000000 0.000001 0.000004 0.000007 0.000000
0.000000 0.000002 0.000002 0.000004 0.000000
0.000024 0.000632 0.001840 0.003569 0.001115
0.000014 0.001998 0.002652 0.002537 0.001002
0.000018 0.000637 0.001388 0.003463 0.001776
0.000003 0.000163 0.000331 0.000450 0.000139
0.000004 0.000357 0.000409 0.000790 0.000421
0.000005 0.000568 0.000599 0.001024 0.000956
0.000009 0.000136 0.000511 0.001304 0.000245
0.000005 0.000085 0.000240 0.000239 0.000162
0.000006 0.000360 0.000528 0.000797 0.000209
0.000000 0.000349 0.000178 0.000768 0.000277
0.000001 0.000055 0.000102 0.000165 0.000098
0.000006 0.000219 0.000325 0.000574 0.000390
0.000000 0.000050 0.000273 0.000242 0.000267
0.000003 0.000047 0.000141 0.000189 0.000056
0.000001 0.000004 0.000015 0.000017 0.000011
0.000006 0.000084 0.000041 0.000038 0.000061
0.000000 0.000000 0.000000 0.000000 0.000000
0.000000 0.000000 0.000001 0.000000 0.000000
0.000000 0.000000 0.000000 0.000000 0.000000
0.000000 0.000000 0.000000 0.000000 0.000000
0.000000 0.000000 0.000000 0.000000 0.000000
0.000000 0.000000 0.000000 0.000000 0.000000
0.000000 0.000000 0.000000 0.000000 0.000000
0.000000 0.000000 0.000000 0.000000 0.000000
0.000000 0.000000 0.000000 0.000000 0.000000
0.000000 0.000000 0.000000 0.000000 0.000000
0.000000 0.000000 0.000000 0.000000 0.000000
0.000000 0.000000 0.000000 0.000000 0.000000
