-2.970000	0.000000
-2.968000	0.000000
-2.966000	0.000000
-2.964000	0.000000
-2.962000	0.000000
-2.960000	0.000000
-2.958000	0.000000
-2.956000	0.000000
-2.954000	0.000000
-2.952000	0.000000
-2.950000	0.000000
-2.948000	0.000000
-2.946000	0.000000
-2.944000	0.000000
-2.942000	0.000000
-2.940000	0.000000
-2.938000	0.000000
-2.936000	0.000000
-2.934000	0.000000
-2.932000	0.000000
-2.930000	0.000000
-2.928000	0.000000
-2.926000	0.000000
-2.924000	0.000000
-2.922000	0.000000
-2.920000	0.000000
-2.918000	0.000000
-2.916000	0.000000
-2.914000	0.000000
-2.912000	0.000000
-2.910000	0.000000
-2.908000	0.000000
-2.906000	0.000000
-2.904000	0.000000
-2.902000	0.000000
-2.900000	0.000000
-2.898000	0.000000
-2.896000	0.000000
-2.894000	0.000000
-2.892000	0.000000
-2.890000	0.000000
-2.888000	0.000000
-2.886000	0.000000
-2.884000	0.000000
-2.882000	0.000000
-2.880000	0.000000
-2.878000	0.000000
-2.876000	0.000000
-2.874000	0.000000
-2.872000	0.000000
-2.870000	0.000000
-2.868000	0.000000
-2.866000	0.000000
-2.864000	0.000000
-2.862000	0.000000
-2.860000	0.000000
-2.858000	0.000000
-2.856000	0.000000
-2.854000	0.000000
-2.852000	0.000000
-2.850000	0.000000
-2.848000	0.000000
-2.846000	0.000000
-2.844000	0.000000
-2.842000	0.000000
-2.840000	0.000000
-2.838000	0.000000
-2.836000	0.000000
-2.834000	0.000000
-2.832000	0.000000
-2.830000	0.000000
-2.828000	0.000000
-2.826000	0.000000
-2.824000	0.000000
-2.822000	0.000000
-2.820000	0.000000
-2.818000	0.000000
-2.816000	0.000000
-2.814000	0.000000
-2.812000	0.000000
-2.810000	0.000000
-2.808000	0.000000
-2.806000	0.000000
-2.804000	0.000000
-2.802000	0.000000
-2.800000	0.000000
-2.798000	0.000000
-2.796000	0.000000
-2.794000	0.000000
-2.792000	0.000000
-2.790000	0.000000
-2.788000	0.000000
-2.786000	0.000000
-2.784000	0.000000
-2.782000	0.000000
-2.780000	0.000000
-2.778000	0.000000
-2.776000	0.000000
-2.774000	0.000000
-2.772000	0.000000
-2.770000	0.000000
-2.768000	0.000000
-2.766000	0.000000
-2.764000	0.000000
-2.762000	0.000000
-2.760000	0.000000
-2.758000	0.000000
-2.756000	0.000000
-2.754000	0.000000
-2.752000	0.000000
-2.750000	0.000000
-2.748000	0.000000
-2.746000	0.000000
-2.744000	0.000000
-2.742000	0.000000
-2.740000	0.000000
-2.738000	0.000000
-2.736000	0.000000
-2.734000	0.000000
-2.732000	0.000000
-2.730000	0.000000
-2.728000	0.000000
-2.726000	0.000000
-2.724000	0.000000
-2.722000	0.000000
-2.720000	0.000000
-2.718000	0.000000
-2.716000	0.000000
-2.714000	0.000000
-2.712000	0.000000
-2.710000	0.000000
-2.708000	0.000000
-2.706000	0.000000
-2.704000	0.000000
-2.702000	0.000000
-2.700000	0.000000
-2.698000	0.000000
-2.696000	0.000000
-2.694000	0.000000
-2.692000	0.000000
-2.690000	0.000000
-2.688000	0.000000
-2.686000	0.000000
-2.684000	0.000000
-2.682000	0.000000
-2.680000	0.000000
-2.678000	0.000000
-2.676000	0.000000
-2.674000	0.000000
-2.672000	0.000000
-2.670000	0.000000
-2.668000	0.000000
-2.666000	0.000000
-2.664000	0.000000
-2.662000	0.000000
-2.660000	0.000000
-2.658000	0.000000
-2.656000	0.000000
-2.654000	0.000000
-2.652000	0.000000
-2.650000	0.000000
-2.648000	0.000000
-2.646000	0.000000
-2.644000	0.000000
-2.642000	0.000000
-2.640000	0.000000
-2.638000	0.000000
-2.636000	0.000000
-2.634000	0.000000
-2.632000	0.000000
-2.630000	0.000000
-2.628000	0.000000
-2.626000	0.000000
-2.624000	0.000000
-2.622000	0.000000
-2.620000	0.000000
-2.618000	0.000000
-2.616000	0.000000
-2.614000	0.000000
-2.612000	0.000000
-2.610000	0.000000
-2.608000	0.000000
-2.606000	0.000000
-2.604000	0.000000
-2.602000	0.000000
-2.600000	0.000000
-2.598000	0.000000
-2.596000	0.000000
-2.594000	0.000000
-2.592000	0.000000
-2.590000	0.000000
-2.588000	0.000000
-2.586000	0.000000
-2.584000	0.000000
-2.582000	0.000000
-2.580000	0.000000
-2.578000	0.000000
-2.576000	0.000000
-2.574000	0.000000
-2.572000	0.000000
-2.570000	0.000000
-2.568000	0.000000
-2.566000	0.000000
-2.564000	0.000000
-2.562000	0.000000
-2.560000	0.000000
-2.558000	0.000000
-2.556000	0.000000
-2.554000	0.000000
-2.552000	0.000000
-2.550000	0.000000
-2.548000	0.000000
-2.546000	0.000000
-2.544000	0.000000
-2.542000	0.000000
-2.540000	0.000000
-2.538000	0.000000
-2.536000	0.000000
-2.534000	0.000000
-2.532000	0.000000
-2.530000	0.000000
-2.528000	0.000000
-2.526000	0.000000
-2.524000	0.000000
-2.522000	0.000000
-2.520000	0.000000
-2.518000	0.000000
-2.516000	0.000000
-2.514000	0.000000
-2.512000	0.000000
-2.510000	0.000000
-2.508000	0.000000
-2.506000	0.000000
-2.504000	0.000000
-2.502000	0.000000
-2.500000	0.000000
-2.498000	0.000000
-2.496000	0.000000
-2.494000	0.000000
-2.492000	0.000000
-2.490000	0.000000
-2.488000	0.000000
-2.486000	0.000000
-2.484000	0.000000
-2.482000	0.000000
-2.480000	0.000000
-2.478000	0.000000
-2.476000	0.000000
-2.474000	0.000000
-2.472000	0.000000
-2.470000	0.000000
-2.468000	0.000000
-2.466000	0.000000
-2.464000	0.000000
-2.462000	0.000000
-2.460000	0.000000
-2.458000	0.000000
-2.456000	0.000000
-2.454000	0.000000
-2.452000	0.000000
-2.450000	0.000000
-2.448000	0.000000
-2.446000	0.000000
-2.444000	0.000000
-2.442000	0.000000
-2.440000	0.000000
-2.438000	0.000000
-2.436000	0.000000
-2.434000	0.000000
-2.432000	0.000000
-2.430000	0.000000
-2.428000	0.000000
-2.426000	0.000000
-2.424000	0.000000
-2.422000	0.000000
-2.420000	0.000000
-2.418000	0.000000
-2.416000	0.000000
-2.414000	0.000000
-2.412000	0.000000
-2.410000	0.000000
-2.408000	0.000000
-2.406000	0.000000
-2.404000	0.000000
-2.402000	0.000000
-2.400000	0.000000
-2.398000	0.000000
-2.396000	0.000000
-2.394000	0.000000
-2.392000	0.000000
-2.390000	0.000000
-2.388000	0.000000
-2.386000	0.000000
-2.384000	0.000000
-2.382000	0.000000
-2.380000	0.000000
-2.378000	0.000000
-2.376000	0.000000
-2.374000	0.000000
-2.372000	0.000000
-2.370000	0.000000
-2.368000	0.000000
-2.366000	0.000000
-2.364000	0.000000
-2.362000	0.000000
-2.360000	0.000000
-2.358000	0.000000
-2.356000	0.000000
-2.354000	0.000000
-2.352000	0.000000
-2.350000	0.000000
-2.348000	0.000000
-2.346000	0.000000
-2.344000	0.000000
-2.342000	0.000000
-2.340000	0.000000
-2.338000	0.000000
-2.336000	0.000000
-2.334000	0.000000
-2.332000	0.000000
-2.330000	0.000000
-2.328000	0.000000
-2.326000	0.000000
-2.324000	0.000000
-2.322000	0.000000
-2.320000	0.000000
-2.318000	0.000000
-2.316000	0.000000
-2.314000	0.000000
-2.312000	0.000000
-2.310000	0.000000
-2.308000	0.000000
-2.306000	0.000000
-2.304000	0.000000
-2.302000	0.000000
-2.300000	0.000000
-2.298000	0.000000
-2.296000	0.000000
-2.294000	0.000000
-2.292000	0.000000
-2.290000	0.000000
-2.288000	0.000000
-2.286000	0.000000
-2.284000	0.000000
-2.282000	0.000000
-2.280000	0.000000
-2.278000	0.000000
-2.276000	0.000000
-2.274000	0.000000
-2.272000	0.000000
-2.270000	0.000000
-2.268000	0.000000
-2.266000	0.000000
-2.264000	0.000000
-2.262000	0.000000
-2.260000	0.000000
-2.258000	0.000000
-2.256000	0.000000
-2.254000	0.000000
-2.252000	0.000000
-2.250000	0.000000
-2.248000	0.000000
-2.246000	0.000000
-2.244000	0.000000
-2.242000	0.000000
-2.240000	0.000000
-2.238000	0.000000
-2.236000	0.000000
-2.234000	0.000000
-2.232000	0.000000
-2.230000	0.000000
-2.228000	0.000000
-2.226000	0.000000
-2.224000	0.000000
-2.222000	0.000000
-2.220000	0.000000
-2.218000	0.000000
-2.216000	0.000000
-2.214000	0.000000
-2.212000	0.000000
-2.210000	0.000000
-2.208000	0.000000
-2.206000	0.000000
-2.204000	0.000000
-2.202000	0.000000
-2.200000	0.000000
-2.198000	0.000000
-2.196000	0.000000
-2.194000	0.000000
-2.192000	0.000000
-2.190000	0.000000
-2.188000	0.000000
-2.186000	0.000000
-2.184000	0.000000
-2.182000	0.000000
-2.180000	0.000000
-2.178000	0.000000
-2.176000	0.000000
-2.174000	0.000000
-2.172000	0.000000
-2.170000	0.000000
-2.168000	0.000000
-2.166000	0.000000
-2.164000	0.000000
-2.162000	0.000000
-2.160000	0.000000
-2.158000	0.000000
-2.156000	0.000000
-2.154000	0.000000
-2.152000	0.000000
-2.150000	0.000000
-2.148000	0.000000
-2.146000	0.000000
-2.144000	0.000000
-2.142000	0.000000
-2.140000	0.000000
-2.138000	0.000000
-2.136000	0.000000
-2.134000	0.000000
-2.132000	0.000000
-2.130000	0.000000
-2.128000	0.000000
-2.126000	0.000000
-2.124000	0.000000
-2.122000	0.000000
-2.120000	0.000000
-2.118000	0.000000
-2.116000	0.000000
-2.114000	0.000000
-2.112000	0.000000
-2.110000	0.000000
-2.108000	0.000000
-2.106000	0.000000
-2.104000	0.000000
-2.102000	0.000000
-2.100000	0.000000
-2.098000	0.000000
-2.096000	0.000000
-2.094000	0.000000
-2.092000	0.000000
-2.090000	0.000000
-2.088000	0.000000
-2.086000	0.000000
-2.084000	0.000000
-2.082000	0.000000
-2.080000	0.000000
-2.078000	0.000000
-2.076000	0.000000
-2.074000	0.000000
-2.072000	0.000000
-2.070000	0.000000
-2.068000	0.000000
-2.066000	0.000000
-2.064000	0.000000
-2.062000	0.000000
-2.060000	0.000000
-2.058000	0.000000
-2.056000	0.000000
-2.054000	0.000000
-2.052000	0.000000
-2.050000	0.000000
-2.048000	0.000000
-2.046000	0.000000
-2.044000	0.000000
-2.042000	0.000000
-2.040000	0.000000
-2.038000	0.000000
-2.036000	0.000000
-2.034000	0.000000
-2.032000	0.000000
-2.030000	0.000000
-2.028000	0.000000
-2.026000	0.000000
-2.024000	0.000000
-2.022000	0.000000
-2.020000	0.000000
-2.018000	0.000000
-2.016000	0.000000
-2.014000	0.000000
-2.012000	0.000000
-2.010000	0.000000
-2.008000	0.000000
-2.006000	0.000000
-2.004000	0.000000
-2.002000	0.000000
-2.000000	0.000000
-1.998000	0.000000
-1.996000	0.000000
-1.994000	0.000000
-1.992000	0.000000
-1.990000	0.000000
-1.988000	0.000000
-1.986000	0.000000
-1.984000	0.000000
-1.982000	0.000000
-1.980000	0.000000
-1.978000	0.000000
-1.976000	0.000000
-1.974000	0.000000
-1.972000	0.000000
-1.970000	0.000000
-1.968000	0.000000
-1.966000	0.000000
-1.964000	0.000000
-1.962000	0.000000
-1.960000	0.000000
-1.958000	0.000000
-1.956000	0.000000
-1.954000	0.000000
-1.952000	0.000000
-1.950000	0.000000
-1.948000	0.000000
-1.946000	0.000000
-1.944000	0.000000
-1.942000	0.000000
-1.940000	0.000000
-1.938000	0.000000
-1.936000	0.000000
-1.934000	0.000000
-1.932000	0.000000
-1.930000	0.000000
-1.928000	0.000000
-1.926000	0.000000
-1.924000	0.000000
-1.922000	0.000000
-1.920000	0.000000
-1.918000	0.000000
-1.916000	0.000000
-1.914000	0.000000
-1.912000	0.000000
-1.910000	0.000000
-1.908000	0.000000
-1.906000	0.000000
-1.904000	0.000000
-1.902000	0.000000
-1.900000	0.000000
-1.898000	0.000000
-1.896000	0.000000
-1.894000	0.000000
-1.892000	0.000000
-1.890000	0.000000
-1.888000	0.000000
-1.886000	0.000000
-1.884000	0.000000
-1.882000	0.000000
-1.880000	0.000000
-1.878000	0.000000
-1.876000	0.000000
-1.874000	0.000000
-1.872000	0.000000
-1.870000	0.000000
-1.868000	0.000000
-1.866000	0.000000
-1.864000	0.000000
-1.862000	0.000000
-1.860000	0.000000
-1.858000	0.000000
-1.856000	0.000000
-1.854000	0.000000
-1.852000	0.000000
-1.850000	0.000000
-1.848000	0.000000
-1.846000	0.000000
-1.844000	0.000000
-1.842000	0.000000
-1.840000	0.000000
-1.838000	0.000000
-1.836000	0.000000
-1.834000	0.000000
-1.832000	0.000000
-1.830000	0.000000
-1.828000	0.000000
-1.826000	0.000000
-1.824000	0.000000
-1.822000	0.000000
-1.820000	0.000000
-1.818000	0.000000
-1.816000	0.000000
-1.814000	0.000000
-1.812000	0.000000
-1.810000	0.000000
-1.808000	0.000000
-1.806000	0.000000
-1.804000	0.000000
-1.802000	0.000000
-1.800000	0.000000
-1.798000	0.000000
-1.796000	0.000000
-1.794000	0.000000
-1.792000	0.000000
-1.790000	0.000000
-1.788000	0.000000
-1.786000	0.000000
-1.784000	0.000000
-1.782000	0.000000
-1.780000	0.000000
-1.778000	0.000000
-1.776000	0.000000
-1.774000	0.000000
-1.772000	0.000000
-1.770000	0.000000
-1.768000	0.000000
-1.766000	0.000000
-1.764000	0.000000
-1.762000	0.000000
-1.760000	0.000000
-1.758000	0.000000
-1.756000	0.000000
-1.754000	0.000000
-1.752000	0.000000
-1.750000	0.000000
-1.748000	0.000000
-1.746000	0.000000
-1.744000	0.000000
-1.742000	0.000000
-1.740000	0.000000
-1.738000	0.000000
-1.736000	0.000000
-1.734000	0.000000
-1.732000	0.000000
-1.730000	0.000000
-1.728000	0.000000
-1.726000	0.000000
-1.724000	0.000000
-1.722000	0.000000
-1.720000	0.000000
-1.718000	0.000000
-1.716000	0.000000
-1.714000	0.000000
-1.712000	0.000000
-1.710000	0.000000
-1.708000	0.000000
-1.706000	0.000000
-1.704000	0.000000
-1.702000	0.000000
-1.700000	0.000000
-1.698000	0.000000
-1.696000	0.000000
-1.694000	0.000000
-1.692000	0.000000
-1.690000	0.000000
-1.688000	0.000000
-1.686000	0.000000
-1.684000	0.000000
-1.682000	0.000000
-1.680000	0.000000
-1.678000	0.000000
-1.676000	0.000000
-1.674000	0.000000
-1.672000	0.000000
-1.670000	0.000000
-1.668000	0.000000
-1.666000	0.000000
-1.664000	0.000000
-1.662000	0.000000
-1.660000	0.000000
-1.658000	0.000000
-1.656000	0.000000
-1.654000	0.000000
-1.652000	0.000000
-1.650000	0.000000
-1.648000	0.000000
-1.646000	0.000000
-1.644000	0.000000
-1.642000	0.000000
-1.640000	0.000000
-1.638000	0.000000
-1.636000	0.000000
-1.634000	0.000000
-1.632000	0.000000
-1.630000	0.000000
-1.628000	0.000000
-1.626000	0.000000
-1.624000	0.000000
-1.622000	0.000000
-1.620000	0.000000
-1.618000	0.000000
-1.616000	0.000000
-1.614000	0.000000
-1.612000	0.000000
-1.610000	0.000000
-1.608000	0.000000
-1.606000	0.000000
-1.604000	0.000000
-1.602000	0.000000
-1.600000	0.000000
-1.598000	0.000000
-1.596000	0.000000
-1.594000	0.000000
-1.592000	0.000000
-1.590000	0.000000
-1.588000	0.000000
-1.586000	0.000000
-1.584000	0.000000
-1.582000	0.000000
-1.580000	0.000000
-1.578000	0.000000
-1.576000	0.000000
-1.574000	0.000000
-1.572000	0.000000
-1.570000	0.000000
-1.568000	0.000000
-1.566000	0.000000
-1.564000	0.000000
-1.562000	0.000000
-1.560000	0.000000
-1.558000	0.000000
-1.556000	0.000000
-1.554000	0.000000
-1.552000	0.000000
-1.550000	0.000000
-1.548000	0.000000
-1.546000	0.000000
-1.544000	0.000000
-1.542000	0.000000
-1.540000	0.000000
-1.538000	0.000000
-1.536000	0.000000
-1.534000	0.000000
-1.532000	0.000000
-1.530000	0.000000
-1.528000	0.000000
-1.526000	0.000000
-1.524000	0.000000
-1.522000	0.000000
-1.520000	0.000000
-1.518000	0.000000
-1.516000	0.000000
-1.514000	0.000000
-1.512000	0.000000
-1.510000	0.000000
-1.508000	0.000000
-1.506000	0.000000
-1.504000	0.000000
-1.502000	0.000000
-1.500000	0.000000
-1.498000	0.000000
-1.496000	0.000000
-1.494000	0.000000
-1.492000	0.000000
-1.490000	0.000000
-1.488000	0.000000
-1.486000	0.000000
-1.484000	0.000000
-1.482000	0.000000
-1.480000	0.000000
-1.478000	0.000000
-1.476000	0.000000
-1.474000	0.000000
-1.472000	0.000000
-1.470000	0.000000
-1.468000	0.000000
-1.466000	0.000000
-1.464000	0.000000
-1.462000	0.000000
-1.460000	0.000000
-1.458000	0.000000
-1.456000	0.000000
-1.454000	0.000000
-1.452000	0.000000
-1.450000	0.000000
-1.448000	0.000000
-1.446000	0.000000
-1.444000	0.000000
-1.442000	0.000000
-1.440000	0.000000
-1.438000	0.000000
-1.436000	0.000000
-1.434000	0.000000
-1.432000	0.000000
-1.430000	0.000000
-1.428000	0.000000
-1.426000	0.000000
-1.424000	0.000000
-1.422000	0.000000
-1.420000	0.000000
-1.418000	0.000000
-1.416000	0.000000
-1.414000	0.000000
-1.412000	0.000000
-1.410000	0.000000
-1.408000	0.000000
-1.406000	0.000000
-1.404000	0.000000
-1.402000	0.000000
-1.400000	0.000000
-1.398000	0.000000
-1.396000	0.000000
-1.394000	0.000000
-1.392000	0.000000
-1.390000	0.000000
-1.388000	0.000000
-1.386000	0.000000
-1.384000	0.000000
-1.382000	0.000000
-1.380000	0.000000
-1.378000	0.000000
-1.376000	0.000000
-1.374000	0.000000
-1.372000	0.000000
-1.370000	0.000000
-1.368000	0.000000
-1.366000	0.000000
-1.364000	0.000000
-1.362000	0.000000
-1.360000	0.000000
-1.358000	0.000000
-1.356000	0.000000
-1.354000	0.000000
-1.352000	0.000000
-1.350000	0.000000
-1.348000	0.000000
-1.346000	0.000000
-1.344000	0.000000
-1.342000	0.000000
-1.340000	0.000000
-1.338000	0.000000
-1.336000	0.000000
-1.334000	0.000000
-1.332000	0.000000
-1.330000	0.000000
-1.328000	0.000000
-1.326000	0.000000
-1.324000	0.000000
-1.322000	0.000000
-1.320000	0.000000
-1.318000	0.000000
-1.316000	0.000000
-1.314000	0.000000
-1.312000	0.000000
-1.310000	0.000000
-1.308000	0.000000
-1.306000	0.000000
-1.304000	0.000000
-1.302000	0.000000
-1.300000	0.000000
-1.298000	0.000000
-1.296000	0.000000
-1.294000	0.000000
-1.292000	0.000000
-1.290000	0.000000
-1.288000	0.000000
-1.286000	0.000000
-1.284000	0.000000
-1.282000	0.000000
-1.280000	0.000000
-1.278000	0.000000
-1.276000	0.000000
-1.274000	0.000000
-1.272000	0.000000
-1.270000	0.000000
-1.268000	0.000000
-1.266000	0.000000
-1.264000	0.000000
-1.262000	0.000000
-1.260000	0.000000
-1.258000	0.000000
-1.256000	0.000000
-1.254000	0.000000
-1.252000	0.000000
-1.250000	0.000000
-1.248000	0.000000
-1.246000	0.000000
-1.244000	0.000000
-1.242000	0.000000
-1.240000	0.000000
-1.238000	0.000000
-1.236000	0.000000
-1.234000	0.000000
-1.232000	0.000000
-1.230000	0.000000
-1.228000	0.000000
-1.226000	0.000000
-1.224000	0.000000
-1.222000	0.000000
-1.220000	0.000000
-1.218000	0.000000
-1.216000	0.000000
-1.214000	0.000000
-1.212000	0.000000
-1.210000	0.000000
-1.208000	0.000000
-1.206000	0.000000
-1.204000	0.000000
-1.202000	0.000000
-1.200000	0.000000
-1.198000	0.000000
-1.196000	0.000000
-1.194000	0.000000
-1.192000	0.000000
-1.190000	0.000000
-1.188000	0.000000
-1.186000	0.000000
-1.184000	0.000000
-1.182000	0.000000
-1.180000	0.000000
-1.178000	0.000000
-1.176000	0.000000
-1.174000	0.000000
-1.172000	0.000000
-1.170000	0.000000
-1.168000	0.000000
-1.166000	0.000000
-1.164000	0.000000
-1.162000	0.000000
-1.160000	0.000000
-1.158000	0.000000
-1.156000	0.000000
-1.154000	0.000000
-1.152000	0.000000
-1.150000	0.000000
-1.148000	0.000000
-1.146000	0.000000
-1.144000	0.000000
-1.142000	0.000000
-1.140000	0.000000
-1.138000	0.000000
-1.136000	0.000000
-1.134000	0.000000
-1.132000	0.000000
-1.130000	0.000000
-1.128000	0.000000
-1.126000	0.000000
-1.124000	0.000000
-1.122000	0.000000
-1.120000	0.000000
-1.118000	0.000000
-1.116000	0.000000
-1.114000	0.000000
-1.112000	0.000000
-1.110000	0.000000
-1.108000	0.000000
-1.106000	0.000000
-1.104000	0.000000
-1.102000	0.000000
-1.100000	0.000000
-1.098000	0.000000
-1.096000	0.000000
-1.094000	0.000000
-1.092000	0.000000
-1.090000	0.000000
-1.088000	0.000000
-1.086000	0.000000
-1.084000	0.000000
-1.082000	0.000000
-1.080000	0.000000
-1.078000	0.000000
-1.076000	0.000000
-1.074000	0.000000
-1.072000	0.000000
-1.070000	0.000000
-1.068000	0.000000
-1.066000	0.000000
-1.064000	0.000000
-1.062000	0.000000
-1.060000	0.000000
-1.058000	0.000000
-1.056000	0.000000
-1.054000	0.000000
-1.052000	0.000000
-1.050000	0.000000
-1.048000	0.000000
-1.046000	0.000000
-1.044000	0.000000
-1.042000	0.000000
-1.040000	0.000000
-1.038000	0.000000
-1.036000	0.000000
-1.034000	0.000000
-1.032000	0.000000
-1.030000	0.000000
-1.028000	0.000000
-1.026000	0.000000
-1.024000	0.000000
-1.022000	0.000000
-1.020000	0.000000
-1.018000	0.000000
-1.016000	0.000000
-1.014000	0.000000
-1.012000	0.000000
-1.010000	0.000000
-1.008000	0.000000
-1.006000	0.000000
-1.004000	0.000000
-1.002000	0.000000
-1.000000	0.000000
-0.998000	0.000000
-0.996000	0.000000
-0.994000	0.000000
-0.992000	0.000000
-0.990000	0.000000
-0.988000	0.000000
-0.986000	0.000000
-0.984000	0.000000
-0.982000	0.000000
-0.980000	0.000000
-0.978000	0.000000
-0.976000	0.000000
-0.974000	0.000000
-0.972000	0.000000
-0.970000	0.000000
-0.968000	0.000000
-0.966000	0.000000
-0.964000	0.000000
-0.962000	0.000000
-0.960000	0.000000
-0.958000	0.000000
-0.956000	0.000000
-0.954000	0.000000
-0.952000	0.000000
-0.950000	0.000000
-0.948000	0.000000
-0.946000	0.000000
-0.944000	0.000000
-0.942000	0.000000
-0.940000	0.000000
-0.938000	0.000000
-0.936000	0.000000
-0.934000	0.000000
-0.932000	0.000000
-0.930000	0.000000
-0.928000	0.000000
-0.926000	0.000000
-0.924000	0.000000
-0.922000	0.000000
-0.920000	0.000000
-0.918000	0.000000
-0.916000	0.000000
-0.914000	0.000000
-0.912000	0.000000
-0.910000	0.000000
-0.908000	0.000000
-0.906000	0.000000
-0.904000	0.000000
-0.902000	0.000000
-0.900000	0.000000
-0.898000	0.000000
-0.896000	0.000000
-0.894000	0.000000
-0.892000	0.000000
-0.890000	0.000000
-0.888000	0.000000
-0.886000	0.000000
-0.884000	0.000000
-0.882000	0.000000
-0.880000	0.000000
-0.878000	0.000000
-0.876000	0.000000
-0.874000	0.000000
-0.872000	0.000000
-0.870000	0.000000
-0.868000	0.000000
-0.866000	0.000000
-0.864000	0.000000
-0.862000	0.000000
-0.860000	0.000000
-0.858000	0.000000
-0.856000	0.000000
-0.854000	0.000000
-0.852000	0.000000
-0.850000	0.000000
-0.848000	0.000000
-0.846000	0.000000
-0.844000	0.000000
-0.842000	0.000000
-0.840000	0.000000
-0.838000	0.000000
-0.836000	0.000000
-0.834000	0.000000
-0.832000	0.000000
-0.830000	0.000000
-0.828000	0.000000
-0.826000	0.000000
-0.824000	0.000000
-0.822000	0.000000
-0.820000	0.000000
-0.818000	0.000000
-0.816000	0.000000
-0.814000	0.000000
-0.812000	0.000000
-0.810000	0.000000
-0.808000	0.000000
-0.806000	0.000000
-0.804000	0.000000
-0.802000	0.000000
-0.800000	0.000000
-0.798000	0.000000
-0.796000	0.000000
-0.794000	0.000000
-0.792000	0.000000
-0.790000	0.000000
-0.788000	0.000000
-0.786000	0.000000
-0.784000	0.000000
-0.782000	0.000000
-0.780000	0.000000
-0.778000	0.000000
-0.776000	0.000000
-0.774000	0.000000
-0.772000	0.000000
-0.770000	0.000000
-0.768000	0.000000
-0.766000	0.000000
-0.764000	0.000000
-0.762000	0.000000
-0.760000	0.000000
-0.758000	0.000000
-0.756000	0.000000
-0.754000	0.000000
-0.752000	0.000000
-0.750000	0.000000
-0.748000	0.000000
-0.746000	0.000000
-0.744000	0.000000
-0.742000	0.000000
-0.740000	0.000000
-0.738000	0.000000
-0.736000	0.000000
-0.734000	0.000000
-0.732000	0.000000
-0.730000	0.000000
-0.728000	0.000000
-0.726000	0.000000
-0.724000	0.000000
-0.722000	0.000000
-0.720000	0.000000
-0.718000	0.000000
-0.716000	0.000000
-0.714000	0.000000
-0.712000	0.000000
-0.710000	0.000000
-0.708000	0.000000
-0.706000	0.000000
-0.704000	0.000000
-0.702000	0.000000
-0.700000	0.000000
-0.698000	0.000000
-0.696000	0.000000
-0.694000	0.000000
-0.692000	0.000000
-0.690000	0.000000
-0.688000	0.000000
-0.686000	0.000000
-0.684000	0.000000
-0.682000	0.000000
-0.680000	0.000000
-0.678000	0.000000
-0.676000	0.000000
-0.674000	0.000000
-0.672000	0.000000
-0.670000	0.000000
-0.668000	0.000000
-0.666000	0.000000
-0.664000	0.000000
-0.662000	0.000000
-0.660000	0.000000
-0.658000	0.000000
-0.656000	0.000000
-0.654000	0.000000
-0.652000	0.000000
-0.650000	0.000000
-0.648000	0.000000
-0.646000	0.000000
-0.644000	0.000000
-0.642000	0.000000
-0.640000	0.000000
-0.638000	0.000000
-0.636000	0.000000
-0.634000	0.000000
-0.632000	0.000000
-0.630000	0.000000
-0.628000	0.000000
-0.626000	0.000000
-0.624000	0.000000
-0.622000	0.000000
-0.620000	0.000000
-0.618000	0.000000
-0.616000	0.000000
-0.614000	0.000000
-0.612000	0.000000
-0.610000	0.000000
-0.608000	0.000000
-0.606000	0.000000
-0.604000	0.000000
-0.602000	0.000000
-0.600000	0.000000
-0.598000	0.000000
-0.596000	0.000000
-0.594000	0.000000
-0.592000	0.000000
-0.590000	0.000000
-0.588000	0.000000
-0.586000	0.000000
-0.584000	0.000000
-0.582000	0.000000
-0.580000	0.000000
-0.578000	0.000000
-0.576000	0.000000
-0.574000	0.000000
-0.572000	0.000000
-0.570000	0.000000
-0.568000	0.000000
-0.566000	0.000000
-0.564000	0.000000
-0.562000	0.000000
-0.560000	0.000000
-0.558000	0.000000
-0.556000	0.000000
-0.554000	0.000000
-0.552000	0.000000
-0.550000	0.000000
-0.548000	0.000000
-0.546000	0.000000
-0.544000	0.000000
-0.542000	0.000000
-0.540000	0.000000
-0.538000	0.000000
-0.536000	0.000000
-0.534000	0.000000
-0.532000	0.000000
-0.530000	0.000000
-0.528000	0.000000
-0.526000	0.000000
-0.524000	0.000000
-0.522000	0.000000
-0.520000	0.000000
-0.518000	0.000000
-0.516000	0.000000
-0.514000	0.000000
-0.512000	0.000000
-0.510000	0.000000
-0.508000	0.000000
-0.506000	0.000000
-0.504000	0.000000
-0.502000	0.000000
-0.500000	0.000000
-0.498000	0.000000
-0.496000	0.000000
-0.494000	0.000000
-0.492000	0.000000
-0.490000	0.000000
-0.488000	0.000000
-0.486000	0.000000
-0.484000	0.000000
-0.482000	0.000000
-0.480000	0.000000
-0.478000	0.000000
-0.476000	0.000000
-0.474000	0.000000
-0.472000	0.000000
-0.470000	0.000000
-0.468000	0.000000
-0.466000	0.000000
-0.464000	0.000000
-0.462000	0.000000
-0.460000	0.000000
-0.458000	0.000000
-0.456000	0.000000
-0.454000	0.000000
-0.452000	0.000000
-0.450000	0.000000
-0.448000	0.000000
-0.446000	0.000000
-0.444000	0.000000
-0.442000	0.000000
-0.440000	0.000000
-0.438000	0.000000
-0.436000	0.000000
-0.434000	0.000000
-0.432000	0.000000
-0.430000	0.000000
-0.428000	0.000000
-0.426000	0.000000
-0.424000	0.000000
-0.422000	0.000000
-0.420000	0.000000
-0.418000	0.000000
-0.416000	0.000000
-0.414000	0.000000
-0.412000	0.000000
-0.410000	0.000000
-0.408000	0.000000
-0.406000	0.000000
-0.404000	0.000000
-0.402000	0.000000
-0.400000	0.000000
-0.398000	0.000000
-0.396000	0.000000
-0.394000	0.000000
-0.392000	0.000000
-0.390000	0.000000
-0.388000	0.000000
-0.386000	0.000000
-0.384000	0.000000
-0.382000	0.000000
-0.380000	0.000000
-0.378000	0.000000
-0.376000	0.000000
-0.374000	0.000000
-0.372000	0.000000
-0.370000	0.000000
-0.368000	0.000000
-0.366000	0.000000
-0.364000	0.000000
-0.362000	0.000000
-0.360000	0.000000
-0.358000	0.000000
-0.356000	0.000000
-0.354000	0.000000
-0.352000	0.000000
-0.350000	0.000000
-0.348000	0.000000
-0.346000	0.000000
-0.344000	0.000000
-0.342000	0.000000
-0.340000	0.000000
-0.338000	0.000000
-0.336000	0.000000
-0.334000	0.000000
-0.332000	0.000000
-0.330000	0.000000
-0.328000	0.000000
-0.326000	0.000000
-0.324000	0.000000
-0.322000	0.000000
-0.320000	0.000000
-0.318000	0.000000
-0.316000	0.000000
-0.314000	0.000000
-0.312000	0.000000
-0.310000	0.000000
-0.308000	0.000000
-0.306000	0.000000
-0.304000	0.000000
-0.302000	0.000000
-0.300000	0.000000
-0.298000	0.000000
-0.296000	0.000000
-0.294000	0.000000
-0.292000	0.000000
-0.290000	0.000000
-0.288000	0.000000
-0.286000	0.000000
-0.284000	0.000000
-0.282000	0.000000
-0.280000	0.000000
-0.278000	0.000000
-0.276000	0.000000
-0.274000	0.000000
-0.272000	0.000000
-0.270000	0.000000
-0.268000	0.000000
-0.266000	0.000000
-0.264000	0.000000
-0.262000	0.000000
-0.260000	0.000000
-0.258000	0.000000
-0.256000	0.000000
-0.254000	0.000000
-0.252000	0.000000
-0.250000	0.000000
-0.248000	0.000000
-0.246000	0.000000
-0.244000	0.000000
-0.242000	0.000000
-0.240000	0.000000
-0.238000	0.000000
-0.236000	0.000000
-0.234000	0.000000
-0.232000	0.000000
-0.230000	0.000000
-0.228000	0.000000
-0.226000	0.000000
-0.224000	0.000000
-0.222000	0.000000
-0.220000	0.000000
-0.218000	0.000000
-0.216000	0.000000
-0.214000	0.000000
-0.212000	0.000000
-0.210000	0.000000
-0.208000	0.000000
-0.206000	0.000000
-0.204000	0.000000
-0.202000	0.000000
-0.200000	0.000000
-0.198000	0.000000
-0.196000	0.000000
-0.194000	0.000000
-0.192000	0.000000
-0.190000	0.000000
-0.188000	0.000000
-0.186000	0.000000
-0.184000	0.000000
-0.182000	0.000000
-0.180000	0.000000
-0.178000	0.000000
-0.176000	0.000000
-0.174000	0.000000
-0.172000	0.000000
-0.170000	0.000000
-0.168000	0.000000
-0.166000	0.000000
-0.164000	0.000000
-0.162000	0.000000
-0.160000	0.000000
-0.158000	0.000000
-0.156000	0.000000
-0.154000	0.000000
-0.152000	0.000000
-0.150000	0.000000
-0.148000	0.000000
-0.146000	0.000000
-0.144000	0.000000
-0.142000	0.000000
-0.140000	0.000000
-0.138000	0.000000
-0.136000	0.000000
-0.134000	0.000000
-0.132000	0.000000
-0.130000	0.000000
-0.128000	0.000000
-0.126000	0.000000
-0.124000	0.000000
-0.122000	0.000000
-0.120000	0.000000
-0.118000	0.000000
-0.116000	0.000000
-0.114000	0.000000
-0.112000	0.000000
-0.110000	0.000000
-0.108000	0.000000
-0.106000	0.000000
-0.104000	0.000000
-0.102000	0.000000
-0.100000	0.000000
-0.098000	0.000000
-0.096000	0.000000
-0.094000	0.000000
-0.092000	0.000000
-0.090000	0.000000
-0.088000	0.000000
-0.086000	0.000000
-0.084000	0.000000
-0.082000	0.000000
-0.080000	0.000000
-0.078000	0.000000
-0.076000	0.000000
-0.074000	0.000000
-0.072000	0.000000
-0.070000	0.000000
-0.068000	0.000000
-0.066000	0.000000
-0.064000	0.000000
-0.062000	0.000000
-0.060000	0.000000
-0.058000	0.000000
-0.056000	0.000000
-0.054000	0.000000
-0.052000	0.000000
-0.050000	0.000000
-0.048000	0.000000
-0.046000	0.000000
-0.044000	0.000000
-0.042000	0.000000
-0.040000	0.000000
-0.038000	0.000000
-0.036000	0.000000
-0.034000	0.000000
-0.032000	0.000000
-0.030000	0.000000
-0.028000	0.000000
-0.026000	0.000000
-0.024000	0.000000
-0.022000	0.000000
-0.020000	0.000000
-0.018000	0.000000
-0.016000	0.000000
-0.014000	0.000000
-0.012000	0.000000
-0.010000	0.000000
-0.008000	0.000000
-0.006000	0.000000
-0.004000	0.000000
-0.002000	0.000000
-0.000000	0.000000
0.002000	0.000000
0.004000	0.000000
0.006000	0.000000
0.008000	0.000000
0.010000	0.000000
0.012000	0.000000
0.014000	0.000000
0.016000	0.000000
0.018000	0.000000
0.020000	0.000000
0.022000	0.000000
0.024000	0.000000
0.026000	0.000000
0.028000	0.000000
0.030000	0.000000
0.032000	0.000000
0.034000	0.000000
0.036000	0.000000
0.038000	0.000000
0.040000	0.000000
0.042000	0.000000
0.044000	0.000000
0.046000	0.000000
0.048000	0.000000
0.050000	0.000000
0.052000	0.000000
0.054000	0.000000
0.056000	0.000000
0.058000	0.000000
0.060000	0.000000
0.062000	0.000000
0.064000	0.000000
0.066000	0.000000
0.068000	0.000000
0.070000	0.000000
0.072000	0.000000
0.074000	0.000000
0.076000	0.000000
0.078000	0.000000
0.080000	0.000000
0.082000	0.000000
0.084000	0.000000
0.086000	0.000000
0.088000	0.000000
0.090000	0.000000
0.092000	0.000000
0.094000	0.000000
0.096000	0.000000
0.098000	0.000000
0.100000	0.000000
0.102000	0.000000
0.104000	0.000000
0.106000	0.000000
0.108000	0.000000
0.110000	0.000000
0.112000	0.000000
0.114000	0.000000
0.116000	0.000000
0.118000	0.000000
0.120000	0.000000
0.122000	0.000000
0.124000	0.000000
0.126000	0.000000
0.128000	0.000000
0.130000	0.000000
0.132000	0.000000
0.134000	0.000000
0.136000	0.000000
0.138000	0.000000
0.140000	0.000000
0.142000	0.000000
0.144000	0.000000
0.146000	0.000000
0.148000	0.000000
0.150000	0.000000
0.152000	0.000000
0.154000	0.000000
0.156000	0.000000
0.158000	0.000000
0.160000	0.000000
0.162000	0.000000
0.164000	0.000000
0.166000	0.000000
0.168000	0.000000
0.170000	0.000000
0.172000	0.000000
0.174000	0.000000
0.176000	0.000000
0.178000	0.000000
0.180000	0.000000
0.182000	0.000000
0.184000	0.000000
0.186000	0.000000
0.188000	0.000000
0.190000	0.000000
0.192000	0.000000
0.194000	0.000000
0.196000	0.000000
0.198000	0.000000
0.200000	0.000000
0.202000	0.000000
0.204000	0.000000
0.206000	0.000000
0.208000	0.000000
0.210000	0.000000
0.212000	0.000000
0.214000	0.000000
0.216000	0.000000
0.218000	0.000000
0.220000	0.000000
0.222000	0.000000
0.224000	0.000000
0.226000	0.000000
0.228000	0.000000
0.230000	0.000000
0.232000	0.000000
0.234000	0.000000
0.236000	0.000000
0.238000	0.000000
0.240000	0.000000
0.242000	0.000000
0.244000	0.000000
0.246000	0.000000
0.248000	0.000000
0.250000	0.000000
0.252000	0.000000
0.254000	0.000000
0.256000	0.000000
0.258000	0.000000
0.260000	0.000000
0.262000	0.000000
0.264000	0.000000
0.266000	0.000000
0.268000	0.000000
0.270000	0.000000
0.272000	0.000000
0.274000	0.000000
0.276000	0.000000
0.278000	0.000000
0.280000	0.000000
0.282000	0.000000
0.284000	0.000000
0.286000	0.000000
0.288000	0.000000
0.290000	0.000000
0.292000	0.000000
0.294000	0.000000
0.296000	0.000000
0.298000	0.000000
0.300000	0.000000
0.302000	0.000000
0.304000	0.000000
0.306000	0.000000
0.308000	0.000000
0.310000	0.000000
0.312000	0.000000
0.314000	0.000000
0.316000	0.000000
0.318000	0.000000
0.320000	0.000000
0.322000	0.000000
0.324000	0.000000
0.326000	0.000000
0.328000	0.000000
0.330000	0.000000
0.332000	0.000000
0.334000	0.000000
0.336000	0.000000
0.338000	0.000000
0.340000	0.000000
0.342000	0.000000
0.344000	0.000000
0.346000	0.000000
0.348000	0.000000
0.350000	0.000000
0.352000	0.000000
0.354000	0.000000
0.356000	0.000000
0.358000	0.000000
0.360000	0.000000
0.362000	0.000000
0.364000	0.000000
0.366000	0.000000
0.368000	0.000000
0.370000	0.000000
0.372000	0.000000
0.374000	0.000000
0.376000	0.000000
0.378000	0.000000
0.380000	0.000000
0.382000	0.000000
0.384000	0.000000
0.386000	0.000000
0.388000	0.000000
0.390000	0.000000
0.392000	0.000000
0.394000	0.000000
0.396000	0.000000
0.398000	0.000000
0.400000	0.000000
0.402000	0.000000
0.404000	0.000000
0.406000	0.000000
0.408000	0.000000
0.410000	0.000000
0.412000	0.000000
0.414000	0.000000
0.416000	0.000000
0.418000	0.000000
0.420000	0.000000
0.422000	0.000000
0.424000	0.000000
0.426000	0.000000
0.428000	0.000000
0.430000	0.000000
0.432000	0.000000
0.434000	0.000000
0.436000	0.000000
0.438000	0.000000
0.440000	0.000000
0.442000	0.000000
0.444000	0.000000
0.446000	0.000000
0.448000	0.000000
0.450000	0.000000
0.452000	0.000000
0.454000	0.000000
0.456000	0.000000
0.458000	0.000000
0.460000	0.000000
0.462000	0.000000
0.464000	0.000000
0.466000	0.000000
0.468000	0.000000
0.470000	0.000000
0.472000	0.000000
0.474000	0.000000
0.476000	0.000000
0.478000	0.000000
0.480000	0.000000
0.482000	0.000000
0.484000	0.000000
0.486000	0.000000
0.488000	0.000000
0.490000	0.000000
0.492000	0.000000
0.494000	0.000000
0.496000	0.000000
0.498000	0.000000
0.500000	0.000000
0.502000	0.000000
0.504000	0.000000
0.506000	0.000000
0.508000	0.000000
0.510000	0.000000
0.512000	0.000000
0.514000	0.000000
0.516000	0.000000
0.518000	0.000000
0.520000	0.000000
0.522000	0.000000
0.524000	0.000000
0.526000	0.000000
0.528000	0.000000
0.530000	0.000000
0.532000	0.000000
0.534000	0.000000
0.536000	0.000000
0.538000	0.000000
0.540000	0.000000
0.542000	0.000000
0.544000	0.000000
0.546000	0.000000
0.548000	0.000000
0.550000	0.000000
0.552000	0.000000
0.554000	0.000000
0.556000	0.000000
0.558000	0.000000
0.560000	0.000000
0.562000	0.000000
0.564000	0.000000
0.566000	0.000000
0.568000	0.000000
0.570000	0.000000
0.572000	0.000000
0.574000	0.000000
0.576000	0.000000
0.578000	0.000000
0.580000	0.000000
0.582000	0.000000
0.584000	0.000000
0.586000	0.000000
0.588000	0.000000
0.590000	0.000000
0.592000	0.000000
0.594000	0.000000
0.596000	0.000000
0.598000	0.000000
0.600000	0.000000
0.602000	0.000000
0.604000	0.000000
0.606000	0.000000
0.608000	0.000000
0.610000	0.000000
0.612000	0.000000
0.614000	0.000000
0.616000	0.000000
0.618000	0.000000
0.620000	0.000000
0.622000	0.000000
0.624000	0.000000
0.626000	0.000000
0.628000	0.000000
0.630000	0.000000
0.632000	0.000000
0.634000	0.000000
0.636000	0.000000
0.638000	0.000000
0.640000	0.000000
0.642000	0.000000
0.644000	0.000000
0.646000	0.000000
0.648000	0.000000
0.650000	0.000000
0.652000	0.000000
0.654000	0.000000
0.656000	0.000000
0.658000	0.000000
0.660000	0.000000
0.662000	0.000000
0.664000	0.000000
0.666000	0.000000
0.668000	0.000000
0.670000	0.000000
0.672000	0.000000
0.674000	0.000000
0.676000	0.000000
0.678000	0.000000
0.680000	0.000000
0.682000	0.000000
0.684000	0.000000
0.686000	0.000000
0.688000	0.000000
0.690000	0.000000
0.692000	0.000000
0.694000	0.000000
0.696000	0.000000
0.698000	0.000000
0.700000	0.000000
0.702000	0.000000
0.704000	0.000000
0.706000	0.000000
0.708000	0.000000
0.710000	0.000000
0.712000	0.000000
0.714000	0.000000
0.716000	0.000000
0.718000	0.000000
0.720000	0.000000
0.722000	0.000000
0.724000	0.000000
0.726000	0.000000
0.728000	0.000000
0.730000	0.000000
0.732000	0.000000
0.734000	0.000000
0.736000	0.000000
0.738000	0.000000
0.740000	0.000000
0.742000	0.000000
0.744000	0.000000
0.746000	0.000000
0.748000	0.000000
0.750000	0.000000
0.752000	0.000000
0.754000	0.000000
0.756000	0.000000
0.758000	0.000000
0.760000	0.000000
0.762000	0.000000
0.764000	0.000000
0.766000	0.000000
0.768000	0.000000
0.770000	0.000000
0.772000	0.000000
0.774000	0.000000
0.776000	0.000000
0.778000	0.000000
0.780000	0.000000
0.782000	0.000000
0.784000	0.000000
0.786000	0.000000
0.788000	0.000000
0.790000	0.000000
0.792000	0.000000
0.794000	0.000000
0.796000	0.000000
0.798000	0.000000
0.800000	0.000000
0.802000	0.000000
0.804000	0.000000
0.806000	0.000000
0.808000	0.000000
0.810000	0.000000
0.812000	0.000000
0.814000	0.000000
0.816000	0.000000
0.818000	0.000000
0.820000	0.000000
0.822000	0.000000
0.824000	0.000000
0.826000	0.000000
0.828000	0.000000
0.830000	0.000000
0.832000	0.000000
0.834000	0.000000
0.836000	0.000000
0.838000	0.000000
0.840000	0.000000
0.842000	0.000000
0.844000	0.000000
0.846000	0.000000
0.848000	0.000000
0.850000	0.000000
0.852000	0.000000
0.854000	0.000000
0.856000	0.000000
0.858000	0.000000
0.860000	0.000000
0.862000	0.000000
0.864000	0.000000
0.866000	0.000000
0.868000	0.000000
0.870000	0.000000
0.872000	0.000000
0.874000	0.000000
0.876000	0.000000
0.878000	0.000000
0.880000	0.000000
0.882000	0.000000
0.884000	0.000000
0.886000	0.000000
0.888000	0.000000
0.890000	0.000000
0.892000	0.000000
0.894000	0.000000
0.896000	0.000000
0.898000	0.000000
0.900000	0.000000
0.902000	0.000000
0.904000	0.000000
0.906000	0.000000
0.908000	0.000000
0.910000	0.000000
0.912000	0.000000
0.914000	0.000000
0.916000	0.000000
0.918000	0.000000
0.920000	0.000000
0.922000	0.000000
0.924000	0.000000
0.926000	0.000000
0.928000	0.000000
0.930000	0.000000
0.932000	0.000000
0.934000	0.000000
0.936000	0.000000
0.938000	0.000000
0.940000	0.000000
0.942000	0.000000
0.944000	0.000000
0.946000	0.000000
0.948000	0.000000
0.950000	0.000000
0.952000	0.000000
0.954000	0.000000
0.956000	0.000000
0.958000	0.000000
0.960000	0.000000
0.962000	0.000000
0.964000	0.000000
0.966000	0.000000
0.968000	0.000000
0.970000	0.000000
0.972000	0.000000
0.974000	0.000000
0.976000	0.000000
0.978000	0.000000
0.980000	0.000000
0.982000	0.000000
0.984000	0.000000
0.986000	0.000000
0.988000	0.000000
0.990000	0.000000
0.992000	0.000000
0.994000	0.000000
0.996000	0.000000
0.998000	0.000000
1.000000	0.000000
1.002000	0.000000
1.004000	0.000000
1.006000	0.000000
1.008000	0.000000
1.010000	0.000000
1.012000	0.000000
1.014000	0.000000
1.016000	0.000000
1.018000	0.000000
1.020000	0.000000
1.022000	0.000000
1.024000	0.000000
1.026000	0.000000
1.028000	0.000000
1.030000	0.000000
1.032000	0.000000
1.034000	0.000000
1.036000	0.000000
1.038000	0.000000
1.040000	0.000000
1.042000	0.000000
1.044000	0.000000
1.046000	0.000000
1.048000	0.000000
1.050000	0.000000
1.052000	0.000000
1.054000	0.000000
1.056000	0.000000
1.058000	0.000000
1.060000	0.000000
1.062000	0.000000
1.064000	0.000000
1.066000	0.000000
1.068000	0.000000
1.070000	0.000000
1.072000	0.000000
1.074000	0.000000
1.076000	0.000000
1.078000	0.000000
1.080000	0.000000
1.082000	0.000000
1.084000	0.000000
1.086000	0.000000
1.088000	0.000000
1.090000	0.000000
1.092000	0.000000
1.094000	0.000000
1.096000	0.000000
1.098000	0.000000
1.100000	0.000000
1.102000	0.000000
1.104000	0.000000
1.106000	0.000000
1.108000	0.000000
1.110000	0.000000
1.112000	0.000000
1.114000	0.000000
1.116000	0.000000
1.118000	0.000000
1.120000	0.000000
1.122000	0.000000
1.124000	0.000000
1.126000	0.000000
1.128000	0.000000
1.130000	0.000000
1.132000	0.000000
1.134000	0.000000
1.136000	0.000000
1.138000	0.000000
1.140000	0.000000
1.142000	0.000000
1.144000	0.000000
1.146000	0.000000
1.148000	0.000000
1.150000	0.000000
1.152000	0.000000
1.154000	0.000000
1.156000	0.000000
1.158000	0.000000
1.160000	0.000000
1.162000	0.000000
1.164000	0.000000
1.166000	0.000000
1.168000	0.000000
1.170000	0.000000
1.172000	0.000000
1.174000	0.000000
1.176000	0.000000
1.178000	0.000000
1.180000	0.000000
1.182000	0.000000
1.184000	0.000000
1.186000	0.000000
1.188000	0.000000
1.190000	0.000000
1.192000	0.000000
1.194000	0.000000
1.196000	0.000000
1.198000	0.000000
1.200000	0.000000
1.202000	0.000000
1.204000	0.000000
1.206000	0.000000
1.208000	0.000000
1.210000	0.000000
1.212000	0.000000
1.214000	0.000000
1.216000	0.000000
1.218000	0.000000
1.220000	0.000000
1.222000	0.000000
1.224000	0.000000
1.226000	0.000000
1.228000	0.000000
1.230000	0.000000
1.232000	0.000000
1.234000	0.000000
1.236000	0.000000
1.238000	0.000000
1.240000	0.000000
1.242000	0.000000
1.244000	0.000000
1.246000	0.000000
1.248000	0.000000
1.250000	0.000000
1.252000	0.000000
1.254000	0.000000
1.256000	0.000000
1.258000	0.000000
1.260000	0.000000
1.262000	0.000000
1.264000	0.000000
1.266000	0.000000
1.268000	0.000000
1.270000	0.000000
1.272000	0.000000
1.274000	0.000000
1.276000	0.000000
1.278000	0.000000
1.280000	0.000000
1.282000	0.000000
1.284000	0.000000
1.286000	0.000000
1.288000	0.000000
1.290000	0.000000
1.292000	0.000000
1.294000	0.000000
1.296000	0.000000
1.298000	0.000000
1.300000	0.000000
1.302000	0.000000
1.304000	0.000000
1.306000	0.000000
1.308000	0.000000
1.310000	0.000000
1.312000	0.000000
1.314000	0.000000
1.316000	0.000000
1.318000	0.000000
1.320000	0.000000
1.322000	0.000000
1.324000	0.000000
1.326000	0.000000
1.328000	0.000000
1.330000	0.000000
1.332000	0.000000
1.334000	0.000000
1.336000	0.000000
1.338000	0.000000
1.340000	0.000000
1.342000	0.000000
1.344000	0.000000
1.346000	0.000000
1.348000	0.000000
1.350000	0.000000
1.352000	0.000000
1.354000	0.000000
1.356000	0.000000
1.358000	0.000000
1.360000	0.000000
1.362000	0.000000
1.364000	0.000000
1.366000	0.000000
1.368000	0.000000
1.370000	0.000000
1.372000	0.000000
1.374000	0.000000
1.376000	0.000000
1.378000	0.000000
1.380000	0.000000
1.382000	0.000000
1.384000	0.000000
1.386000	0.000000
1.388000	0.000000
1.390000	0.000000
1.392000	0.000000
1.394000	0.000000
1.396000	0.000000
1.398000	0.000000
1.400000	0.000000
1.402000	0.000000
1.404000	0.000000
1.406000	0.000000
1.408000	0.000000
1.410000	0.000000
1.412000	0.000000
1.414000	0.000000
1.416000	0.000000
1.418000	0.000000
1.420000	0.000000
1.422000	0.000000
1.424000	0.000000
1.426000	0.000000
1.428000	0.000000
1.430000	0.000000
1.432000	0.000000
1.434000	0.000000
1.436000	0.000000
1.438000	0.000000
1.440000	0.000000
1.442000	0.000000
1.444000	0.000000
1.446000	0.000000
1.448000	0.000000
1.450000	0.000000
1.452000	0.000000
1.454000	0.000000
1.456000	0.000000
1.458000	0.000000
1.460000	0.000000
1.462000	0.000000
1.464000	0.000000
1.466000	0.000000
1.468000	0.000000
1.470000	0.000000
1.472000	0.000000
1.474000	0.000000
1.476000	0.000000
1.478000	0.000000
1.480000	0.000000
1.482000	0.000000
1.484000	0.000000
1.486000	0.000000
1.488000	0.000000
1.490000	0.000000
1.492000	0.000000
1.494000	0.000000
1.496000	0.000000
1.498000	0.000000
1.500000	0.000001
1.502000	0.000001
1.504000	0.000001
1.506000	0.000001
1.508000	0.000001
1.510000	0.000001
1.512000	0.000001
1.514000	0.000001
1.516000	0.000002
1.518000	0.000002
1.520000	0.000002
1.522000	0.000002
1.524000	0.000003
1.526000	0.000003
1.528000	0.000004
1.530000	0.000004
1.532000	0.000005
1.534000	0.000005
1.536000	0.000006
1.538000	0.000007
1.540000	0.000007
1.542000	0.000008
1.544000	0.000010
1.546000	0.000011
1.548000	0.000012
1.550000	0.000014
1.552000	0.000015
1.554000	0.000017
1.556000	0.000019
1.558000	0.000022
1.560000	0.000024
1.562000	0.000027
1.564000	0.000031
1.566000	0.000034
1.568000	0.000038
1.570000	0.000043
1.572000	0.000047
1.574000	0.000053
1.576000	0.000059
1.578000	0.000065
1.580000	0.000073
1.582000	0.000081
1.584000	0.000090
1.586000	0.000099
1.588000	0.000110
1.590000	0.000122
1.592000	0.000135
1.594000	0.000149
1.596000	0.000164
1.598000	0.000181
1.600000	0.000199
1.602000	0.000219
1.604000	0.000241
1.606000	0.000265
1.608000	0.000291
1.610000	0.000319
1.612000	0.000349
1.614000	0.000383
1.616000	0.000418
1.618000	0.000457
1.620000	0.000499
1.622000	0.000545
1.624000	0.000594
1.626000	0.000647
1.628000	0.000704
1.630000	0.000765
1.632000	0.000831
1.634000	0.000902
1.636000	0.000978
1.638000	0.001059
1.640000	0.001147
1.642000	0.001240
1.644000	0.001340
1.646000	0.001446
1.648000	0.001560
1.650000	0.001681
1.652000	0.001810
1.654000	0.001947
1.656000	0.002093
1.658000	0.002248
1.660000	0.002412
1.662000	0.002586
1.664000	0.002770
1.666000	0.002965
1.668000	0.003170
1.670000	0.003387
1.672000	0.003616
1.674000	0.003856
1.676000	0.004110
1.678000	0.004376
1.680000	0.004655
1.682000	0.004949
1.684000	0.005256
1.686000	0.005577
1.688000	0.005914
1.690000	0.006265
1.692000	0.006632
1.694000	0.007015
1.696000	0.007414
1.698000	0.007829
1.700000	0.008261
1.702000	0.008709
1.704000	0.009175
1.706000	0.009658
1.708000	0.010158
1.710000	0.010676
1.712000	0.011212
1.714000	0.011766
1.716000	0.012339
1.718000	0.012929
1.720000	0.013538
1.722000	0.014166
1.724000	0.014812
1.726000	0.015477
1.728000	0.016160
1.730000	0.016863
1.732000	0.017585
1.734000	0.018327
1.736000	0.019087
1.738000	0.019868
1.740000	0.020668
1.742000	0.021489
1.744000	0.022330
1.746000	0.023192
1.748000	0.024075
1.750000	0.024980
1.752000	0.025907
1.754000	0.026857
1.756000	0.027832
1.758000	0.028830
1.760000	0.029855
1.762000	0.030906
1.764000	0.031986
1.766000	0.033095
1.768000	0.034235
1.770000	0.035408
1.772000	0.036616
1.774000	0.037861
1.776000	0.039146
1.778000	0.040472
1.780000	0.041843
1.782000	0.043262
1.784000	0.044731
1.786000	0.046256
1.788000	0.047838
1.790000	0.049484
1.792000	0.051196
1.794000	0.052979
1.796000	0.054839
1.798000	0.056781
1.800000	0.058810
1.802000	0.060932
1.804000	0.063152
1.806000	0.065479
1.808000	0.067917
1.810000	0.070474
1.812000	0.073158
1.814000	0.075975
1.816000	0.078934
1.818000	0.082043
1.820000	0.085309
1.822000	0.088741
1.824000	0.092347
1.826000	0.096137
1.828000	0.100119
1.830000	0.104302
1.832000	0.108695
1.834000	0.113307
1.836000	0.118148
1.838000	0.123225
1.840000	0.128549
1.842000	0.134128
1.844000	0.139971
1.846000	0.146086
1.848000	0.152482
1.850000	0.159167
1.852000	0.166148
1.854000	0.173432
1.856000	0.181027
1.858000	0.188939
1.860000	0.197173
1.862000	0.205736
1.864000	0.214630
1.866000	0.223862
1.868000	0.233433
1.870000	0.243346
1.872000	0.253602
1.874000	0.264203
1.876000	0.275148
1.878000	0.286436
1.880000	0.298065
1.882000	0.310031
1.884000	0.322330
1.886000	0.334956
1.888000	0.347903
1.890000	0.361164
1.892000	0.374729
1.894000	0.388588
1.896000	0.402729
1.898000	0.417141
1.900000	0.431810
1.902000	0.446720
1.904000	0.461855
1.906000	0.477199
1.908000	0.492733
1.910000	0.508437
1.912000	0.524290
1.914000	0.540272
1.916000	0.556359
1.918000	0.572528
1.920000	0.588755
1.922000	0.605015
1.924000	0.621281
1.926000	0.637527
1.928000	0.653726
1.930000	0.669851
1.932000	0.685874
1.934000	0.701766
1.936000	0.717499
1.938000	0.733046
1.940000	0.748376
1.942000	0.763464
1.944000	0.778279
1.946000	0.792796
1.948000	0.806986
1.950000	0.820824
1.952000	0.834283
1.954000	0.847340
1.956000	0.859970
1.958000	0.872150
1.960000	0.883859
1.962000	0.895076
1.964000	0.905783
1.966000	0.915962
1.968000	0.925597
1.970000	0.934674
1.972000	0.943180
1.974000	0.951106
1.976000	0.958441
1.978000	0.965180
1.980000	0.971317
1.982000	0.976850
1.984000	0.981777
1.986000	0.986101
1.988000	0.989823
1.990000	0.992951
1.992000	0.995492
1.994000	0.997454
1.996000	0.998850
1.998000	0.999693
2.000000	1.000000
2.002000	0.999787
2.004000	0.999074
2.006000	0.997882
2.008000	0.996233
2.010000	0.994153
2.012000	0.991666
2.014000	0.988800
2.016000	0.985584
2.018000	0.982046
2.020000	0.978218
2.022000	0.974130
2.024000	0.969814
2.026000	0.965304
2.028000	0.960632
2.030000	0.955831
2.032000	0.950934
2.034000	0.945976
2.036000	0.940988
2.038000	0.936004
2.040000	0.931055
2.042000	0.926173
2.044000	0.921389
2.046000	0.916732
2.048000	0.912230
2.050000	0.907911
2.052000	0.903801
2.054000	0.899923
2.056000	0.896301
2.058000	0.892955
2.060000	0.889903
2.062000	0.887164
2.064000	0.884752
2.066000	0.882681
2.068000	0.880959
2.070000	0.879597
2.072000	0.878600
2.074000	0.877972
2.076000	0.877714
2.078000	0.877827
2.080000	0.878306
2.082000	0.879147
2.084000	0.880341
2.086000	0.881878
2.088000	0.883747
2.090000	0.885933
2.092000	0.888420
2.094000	0.891189
2.096000	0.894220
2.098000	0.897491
2.100000	0.900979
2.102000	0.904658
2.104000	0.908501
2.106000	0.912480
2.108000	0.916567
2.110000	0.920730
2.112000	0.924940
2.114000	0.929163
2.116000	0.933368
2.118000	0.937522
2.120000	0.941593
2.122000	0.945546
2.124000	0.949349
2.126000	0.952970
2.128000	0.956375
2.130000	0.959534
2.132000	0.962415
2.134000	0.964988
2.136000	0.967223
2.138000	0.969094
2.140000	0.970572
2.142000	0.971633
2.144000	0.972253
2.146000	0.972410
2.148000	0.972082
2.150000	0.971252
2.152000	0.969902
2.154000	0.968018
2.156000	0.965586
2.158000	0.962597
2.160000	0.959042
2.162000	0.954913
2.164000	0.950207
2.166000	0.944922
2.168000	0.939057
2.170000	0.932615
2.172000	0.925600
2.174000	0.918019
2.176000	0.909880
2.178000	0.901194
2.180000	0.891973
2.182000	0.882232
2.184000	0.871987
2.186000	0.861256
2.188000	0.850058
2.190000	0.838415
2.192000	0.826350
2.194000	0.813886
2.196000	0.801050
2.198000	0.787866
2.200000	0.774363
2.202000	0.760570
2.204000	0.746514
2.206000	0.732226
2.208000	0.717737
2.210000	0.703077
2.212000	0.688278
2.214000	0.673370
2.216000	0.658385
2.218000	0.643354
2.220000	0.628309
2.222000	0.613280
2.224000	0.598299
2.226000	0.583394
2.228000	0.568596
2.230000	0.553934
2.232000	0.539435
2.234000	0.525128
2.236000	0.511039
2.238000	0.497193
2.240000	0.483614
2.242000	0.470327
2.244000	0.457354
2.246000	0.444715
2.248000	0.432430
2.250000	0.420520
2.252000	0.408999
2.254000	0.397886
2.256000	0.387194
2.258000	0.376937
2.260000	0.367127
2.262000	0.357774
2.264000	0.348889
2.266000	0.340478
2.268000	0.332549
2.270000	0.325107
2.272000	0.318156
2.274000	0.311698
2.276000	0.305736
2.278000	0.300268
2.280000	0.295295
2.282000	0.290814
2.284000	0.286821
2.286000	0.283312
2.288000	0.280282
2.290000	0.277724
2.292000	0.275630
2.294000	0.273992
2.296000	0.272801
2.298000	0.272046
2.300000	0.271716
2.302000	0.271800
2.304000	0.272284
2.306000	0.273157
2.308000	0.274404
2.310000	0.276011
2.312000	0.277963
2.314000	0.280245
2.316000	0.282842
2.318000	0.285737
2.320000	0.288915
2.322000	0.292359
2.324000	0.296053
2.326000	0.299980
2.328000	0.304124
2.330000	0.308467
2.332000	0.312993
2.334000	0.317685
2.336000	0.322528
2.338000	0.327504
2.340000	0.332599
2.342000	0.337796
2.344000	0.343079
2.346000	0.348434
2.348000	0.353847
2.350000	0.359303
2.352000	0.364788
2.354000	0.370290
2.356000	0.375795
2.358000	0.381293
2.360000	0.386771
2.362000	0.392219
2.364000	0.397627
2.366000	0.402985
2.368000	0.408286
2.370000	0.413520
2.372000	0.418681
2.374000	0.423763
2.376000	0.428760
2.378000	0.433667
2.380000	0.438480
2.382000	0.443195
2.384000	0.447810
2.386000	0.452323
2.388000	0.456733
2.390000	0.461039
2.392000	0.465242
2.394000	0.469343
2.396000	0.473342
2.398000	0.477243
2.400000	0.481049
2.402000	0.484762
2.404000	0.488386
2.406000	0.491927
2.408000	0.495389
2.410000	0.498777
2.412000	0.502097
2.414000	0.505355
2.416000	0.508558
2.418000	0.511713
2.420000	0.514826
2.422000	0.517904
2.424000	0.520955
2.426000	0.523986
2.428000	0.527005
2.430000	0.530019
2.432000	0.533036
2.434000	0.536063
2.436000	0.539107
2.438000	0.542176
2.440000	0.545277
2.442000	0.548416
2.444000	0.551600
2.446000	0.554836
2.448000	0.558129
2.450000	0.561486
2.452000	0.564912
2.454000	0.568411
2.456000	0.571989
2.458000	0.575650
2.460000	0.579398
2.462000	0.583235
2.464000	0.587166
2.466000	0.591193
2.468000	0.595318
2.470000	0.599543
2.472000	0.603868
2.474000	0.608295
2.476000	0.612824
2.478000	0.617455
2.480000	0.622187
2.482000	0.627020
2.484000	0.631952
2.486000	0.636981
2.488000	0.642106
2.490000	0.647323
2.492000	0.652630
2.494000	0.658023
2.496000	0.663500
2.498000	0.669055
2.500000	0.674685
2.502000	0.680386
2.504000	0.686153
2.506000	0.691980
2.508000	0.697863
2.510000	0.703797
2.512000	0.709775
2.514000	0.715793
2.516000	0.721844
2.518000	0.727923
2.520000	0.734023
2.522000	0.740139
2.524000	0.746263
2.526000	0.752391
2.528000	0.758516
2.530000	0.764630
2.532000	0.770729
2.534000	0.776806
2.536000	0.782854
2.538000	0.788868
2.540000	0.794840
2.542000	0.800765
2.544000	0.806637
2.546000	0.812449
2.548000	0.818196
2.550000	0.823871
2.552000	0.829468
2.554000	0.834983
2.556000	0.840408
2.558000	0.845739
2.560000	0.850969
2.562000	0.856094
2.564000	0.861108
2.566000	0.866006
2.568000	0.870781
2.570000	0.875431
2.572000	0.879948
2.574000	0.884329
2.576000	0.888569
2.578000	0.892663
2.580000	0.896606
2.582000	0.900394
2.584000	0.904022
2.586000	0.907487
2.588000	0.910784
2.590000	0.913909
2.592000	0.916857
2.594000	0.919626
2.596000	0.922212
2.598000	0.924610
2.600000	0.926817
2.602000	0.928831
2.604000	0.930647
2.606000	0.932262
2.608000	0.933674
2.610000	0.934880
2.612000	0.935877
2.614000	0.936663
2.616000	0.937234
2.618000	0.937589
2.620000	0.937726
2.622000	0.937642
2.624000	0.937337
2.626000	0.936808
2.628000	0.936054
2.630000	0.935073
2.632000	0.933866
2.634000	0.932430
2.636000	0.930766
2.638000	0.928872
2.640000	0.926749
2.642000	0.924397
2.644000	0.921816
2.646000	0.919007
2.648000	0.915969
2.650000	0.912704
2.652000	0.909214
2.654000	0.905499
2.656000	0.901561
2.658000	0.897402
2.660000	0.893024
2.662000	0.888429
2.664000	0.883620
2.666000	0.878600
2.668000	0.873371
2.670000	0.867937
2.672000	0.862301
2.674000	0.856468
2.676000	0.850440
2.678000	0.844222
2.680000	0.837818
2.682000	0.831232
2.684000	0.824470
2.686000	0.817537
2.688000	0.810436
2.690000	0.803174
2.692000	0.795755
2.694000	0.788185
2.696000	0.780471
2.698000	0.772616
2.700000	0.764628
2.702000	0.756513
2.704000	0.748276
2.706000	0.739923
2.708000	0.731461
2.710000	0.722896
2.712000	0.714235
2.714000	0.705483
2.716000	0.696647
2.718000	0.687734
2.720000	0.678749
2.722000	0.669700
2.724000	0.660592
2.726000	0.651432
2.728000	0.642227
2.730000	0.632982
2.732000	0.623704
2.734000	0.614398
2.736000	0.605072
2.738000	0.595730
2.740000	0.586379
2.742000	0.577024
2.744000	0.567672
2.746000	0.558327
2.748000	0.548995
2.750000	0.539682
2.752000	0.530391
2.754000	0.521130
2.756000	0.511902
2.758000	0.502711
2.760000	0.493564
2.762000	0.484463
2.764000	0.475413
2.766000	0.466419
2.768000	0.457484
2.770000	0.448612
2.772000	0.439806
2.774000	0.431071
2.776000	0.422409
2.778000	0.413823
2.780000	0.405316
2.782000	0.396892
2.784000	0.388552
2.786000	0.380299
2.788000	0.372136
2.790000	0.364065
2.792000	0.356087
2.794000	0.348204
2.796000	0.340419
2.798000	0.332733
2.800000	0.325147
2.802000	0.317663
2.804000	0.310281
2.806000	0.303003
2.808000	0.295830
2.810000	0.288763
2.812000	0.281802
2.814000	0.274948
2.816000	0.268201
2.818000	0.261562
2.820000	0.255031
2.822000	0.248608
2.824000	0.242294
2.826000	0.236089
2.828000	0.229991
2.830000	0.224002
2.832000	0.218121
2.834000	0.212348
2.836000	0.206682
2.838000	0.201123
2.840000	0.195671
2.842000	0.190325
2.844000	0.185084
2.846000	0.179948
2.848000	0.174916
2.850000	0.169988
2.852000	0.165162
2.854000	0.160438
2.856000	0.155814
2.858000	0.151291
2.860000	0.146867
2.862000	0.142541
2.864000	0.138312
2.866000	0.134180
2.868000	0.130142
2.870000	0.126198
2.872000	0.122347
2.874000	0.118588
2.876000	0.114919
2.878000	0.111340
2.880000	0.107849
2.882000	0.104444
2.884000	0.101126
2.886000	0.097892
2.888000	0.094741
2.890000	0.091672
2.892000	0.088683
2.894000	0.085774
2.896000	0.082943
2.898000	0.080189
2.900000	0.077510
2.902000	0.074905
2.904000	0.072373
2.906000	0.069912
2.908000	0.067522
2.910000	0.065200
2.912000	0.062945
2.914000	0.060756
2.916000	0.058632
2.918000	0.056572
2.920000	0.054573
2.922000	0.052635
2.924000	0.050756
2.926000	0.048936
2.928000	0.047171
2.930000	0.045463
2.932000	0.043808
2.934000	0.042206
2.936000	0.040656
2.938000	0.039156
2.940000	0.037704
2.942000	0.036301
2.944000	0.034944
2.946000	0.033632
2.948000	0.032364
2.950000	0.031139
2.952000	0.029956
2.954000	0.028813
2.956000	0.027710
2.958000	0.026645
2.960000	0.025617
2.962000	0.024625
2.964000	0.023669
2.966000	0.022746
2.968000	0.021856
2.970000	0.020999
2.972000	0.020172
2.974000	0.019375
2.976000	0.018607
2.978000	0.017868
2.980000	0.017155
2.982000	0.016469
2.984000	0.015809
2.986000	0.015173
2.988000	0.014561
2.990000	0.013972
2.992000	0.013406
2.994000	0.012860
2.996000	0.012336
2.998000	0.011832
3.000000	0.011347
3.002000	0.010881
3.004000	0.010433
3.006000	0.010002
3.008000	0.009588
3.010000	0.009191
3.012000	0.008809
3.014000	0.008442
3.016000	0.008089
3.018000	0.007751
3.020000	0.007426
3.022000	0.007114
3.024000	0.006815
3.026000	0.006527
3.028000	0.006251
3.030000	0.005987
3.032000	0.005733
3.034000	0.005489
3.036000	0.005255
3.038000	0.005031
3.040000	0.004817
3.042000	0.004611
3.044000	0.004413
3.046000	0.004224
3.048000	0.004043
3.050000	0.003869
3.052000	0.003702
3.054000	0.003543
3.056000	0.003390
3.058000	0.003244
3.060000	0.003104
3.062000	0.002969
3.064000	0.002841
3.066000	0.002718
3.068000	0.002600
3.070000	0.002488
3.072000	0.002380
3.074000	0.002277
3.076000	0.002178
3.078000	0.002084
3.080000	0.001994
3.082000	0.001908
3.084000	0.001825
3.086000	0.001746
3.088000	0.001671
3.090000	0.001599
3.092000	0.001530
3.094000	0.001464
3.096000	0.001401
3.098000	0.001341
3.100000	0.001283
3.102000	0.001228
3.104000	0.001176
3.106000	0.001126
3.108000	0.001078
3.110000	0.001032
3.112000	0.000988
3.114000	0.000946
3.116000	0.000906
3.118000	0.000868
3.120000	0.000832
3.122000	0.000797
3.124000	0.000763
3.126000	0.000732
3.128000	0.000701
3.130000	0.000672
3.132000	0.000644
3.134000	0.000617
3.136000	0.000592
3.138000	0.000568
3.140000	0.000544
3.142000	0.000522
3.144000	0.000500
3.146000	0.000480
3.148000	0.000460
3.150000	0.000442
3.152000	0.000424
3.154000	0.000406
3.156000	0.000390
3.158000	0.000374
3.160000	0.000359
3.162000	0.000344
3.164000	0.000330
3.166000	0.000317
3.168000	0.000304
3.170000	0.000292
3.172000	0.000280
3.174000	0.000269
3.176000	0.000258
3.178000	0.000247
3.180000	0.000237
3.182000	0.000227
3.184000	0.000218
3.186000	0.000209
3.188000	0.000200
3.190000	0.000192
3.192000	0.000184
3.194000	0.000177
3.196000	0.000169
3.198000	0.000162
3.200000	0.000155
3.202000	0.000149
3.204000	0.000142
3.206000	0.000136
3.208000	0.000130
3.210000	0.000125
3.212000	0.000119
3.214000	0.000114
3.216000	0.000109
3.218000	0.000104
3.220000	0.000100
3.222000	0.000095
3.224000	0.000091
3.226000	0.000087
3.228000	0.000083
3.230000	0.000079
3.232000	0.000075
3.234000	0.000072
3.236000	0.000069
3.238000	0.000065
3.240000	0.000062
3.242000	0.000059
3.244000	0.000056
3.246000	0.000054
3.248000	0.000051
3.250000	0.000048
3.252000	0.000046
3.254000	0.000044
3.256000	0.000042
3.258000	0.000039
3.260000	0.000037
3.262000	0.000035
3.264000	0.000034
3.266000	0.000032
3.268000	0.000030
3.270000	0.000029
3.272000	0.000027
3.274000	0.000026
3.276000	0.000024
3.278000	0.000023
3.280000	0.000022
3.282000	0.000020
3.284000	0.000019
3.286000	0.000018
3.288000	0.000017
3.290000	0.000016
3.292000	0.000015
3.294000	0.000014
3.296000	0.000013
3.298000	0.000013
3.300000	0.000012
3.302000	0.000011
3.304000	0.000010
3.306000	0.000010
3.308000	0.000009
3.310000	0.000009
3.312000	0.000008
3.314000	0.000008
3.316000	0.000007
3.318000	0.000007
3.320000	0.000006
3.322000	0.000006
3.324000	0.000005
3.326000	0.000005
3.328000	0.000005
3.330000	0.000004
3.332000	0.000004
3.334000	0.000004
3.336000	0.000004
3.338000	0.000003
3.340000	0.000003
3.342000	0.000003
3.344000	0.000003
3.346000	0.000002
3.348000	0.000002
3.350000	0.000002
3.352000	0.000002
3.354000	0.000002
3.356000	0.000002
3.358000	0.000002
3.360000	0.000001
3.362000	0.000001
3.364000	0.000001
3.366000	0.000001
3.368000	0.000001
3.370000	0.000001
3.372000	0.000001
3.374000	0.000001
3.376000	0.000001
3.378000	0.000001
3.380000	0.000001
3.382000	0.000001
3.384000	0.000001
3.386000	0.000000
3.388000	0.000000
3.390000	0.000000
3.392000	0.000000
3.394000	0.000000
3.396000	0.000000
3.398000	0.000000
3.400000	0.000000
3.402000	0.000000
3.404000	0.000000
3.406000	0.000000
3.408000	0.000000
3.410000	0.000000
3.412000	0.000000
3.414000	0.000000
3.416000	0.000000
3.418000	0.000000
3.420000	0.000000
3.422000	0.000000
3.424000	0.000000
3.426000	0.000000
3.428000	0.000000
3.430000	0.000000
3.432000	0.000000
3.434000	0.000000
3.436000	0.000000
3.438000	0.000000
3.440000	0.000000
3.442000	0.000000
3.444000	0.000000
3.446000	0.000000
3.448000	0.000000
3.450000	0.000000
3.452000	0.000000
3.454000	0.000000
3.456000	0.000000
3.458000	0.000000
3.460000	0.000000
3.462000	0.000000
3.464000	0.000000
3.466000	0.000000
3.468000	0.000000
3.470000	0.000000
3.472000	0.000000
3.474000	0.000000
3.476000	0.000000
3.478000	0.000000
3.480000	0.000000
3.482000	0.000000
3.484000	0.000000
3.486000	0.000000
3.488000	0.000000
3.490000	0.000000
3.492000	0.000000
3.494000	0.000000
3.496000	0.000000
3.498000	0.000000
3.500000	0.000000
3.502000	0.000000
3.504000	0.000000
3.506000	0.000000
3.508000	0.000000
3.510000	0.000000
3.512000	0.000000
3.514000	0.000000
3.516000	0.000000
3.518000	0.000000
3.520000	0.000000
3.522000	0.000000
3.524000	0.000000
3.526000	0.000000
3.528000	0.000000
3.530000	0.000000
3.532000	0.000000
3.534000	0.000000
3.536000	0.000000
3.538000	0.000000
3.540000	0.000000
3.542000	0.000000
3.544000	0.000000
3.546000	0.000000
3.548000	0.000000
3.550000	0.000000
3.552000	0.000000
3.554000	0.000000
3.556000	0.000000
3.558000	0.000000
3.560000	0.000000
3.562000	0.000000
3.564000	0.000000
3.566000	0.000000
3.568000	0.000000
3.570000	0.000000
3.572000	0.000000
3.574000	0.000000
3.576000	0.000000
3.578000	0.000000
3.580000	0.000000
3.582000	0.000000
3.584000	0.000000
3.586000	0.000000
3.588000	0.000000
3.590000	0.000000
3.592000	0.000000
3.594000	0.000000
3.596000	0.000000
3.598000	0.000000
3.600000	0.000000
3.602000	0.000000
3.604000	0.000000
3.606000	0.000000
3.608000	0.000000
3.610000	0.000000
3.612000	0.000000
3.614000	0.000000
3.616000	0.000000
3.618000	0.000000
3.620000	0.000000
3.622000	0.000000
3.624000	0.000000
3.626000	0.000000
3.628000	0.000000
3.630000	0.000000
3.632000	0.000000
3.634000	0.000000
3.636000	0.000000
3.638000	0.000000
3.640000	0.000000
3.642000	0.000000
3.644000	0.000000
3.646000	0.000000
3.648000	0.000000
3.650000	0.000000
3.652000	0.000000
3.654000	0.000000
3.656000	0.000000
3.658000	0.000000
3.660000	0.000000
3.662000	0.000000
3.664000	0.000000
3.666000	0.000000
3.668000	0.000000
3.670000	0.000000
3.672000	0.000000
3.674000	0.000000
3.676000	0.000000
3.678000	0.000000
3.680000	0.000000
3.682000	0.000000
3.684000	0.000000
3.686000	0.000000
3.688000	0.000000
3.690000	0.000000
3.692000	0.000000
3.694000	0.000000
3.696000	0.000000
3.698000	0.000000
3.700000	0.000000
3.702000	0.000000
3.704000	0.000000
3.706000	0.000000
3.708000	0.000000
3.710000	0.000000
3.712000	0.000000
3.714000	0.000000
3.716000	0.000000
3.718000	0.000000
3.720000	0.000000
3.722000	0.000000
3.724000	0.000000
3.726000	0.000000
3.728000	0.000000
3.730000	0.000000
3.732000	0.000000
3.734000	0.000000
3.736000	0.000000
3.738000	0.000000
3.740000	0.000000
3.742000	0.000000
3.744000	0.000000
3.746000	0.000000
3.748000	0.000000
3.750000	0.000000
3.752000	0.000000
3.754000	0.000000
3.756000	0.000000
3.758000	0.000000
3.760000	0.000000
3.762000	0.000000
3.764000	0.000000
3.766000	0.000000
3.768000	0.000000
3.770000	0.000000
3.772000	0.000000
3.774000	0.000000
3.776000	0.000000
3.778000	0.000000
3.780000	0.000000
3.782000	0.000000
3.784000	0.000000
3.786000	0.000000
3.788000	0.000000
3.790000	0.000000
3.792000	0.000000
3.794000	0.000000
3.796000	0.000000
3.798000	0.000000
3.800000	0.000000
3.802000	0.000000
3.804000	0.000000
3.806000	0.000000
3.808000	0.000000
3.810000	0.000000
3.812000	0.000000
3.814000	0.000000
3.816000	0.000000
3.818000	0.000000
3.820000	0.000000
3.822000	0.000000
3.824000	0.000000
3.826000	0.000000
3.828000	0.000000
3.830000	0.000000
3.832000	0.000000
3.834000	0.000000
3.836000	0.000000
3.838000	0.000000
3.840000	0.000000
3.842000	0.000000
3.844000	0.000000
3.846000	0.000000
3.848000	0.000000
3.850000	0.000000
3.852000	0.000000
3.854000	0.000000
3.856000	0.000000
3.858000	0.000000
3.860000	0.000000
3.862000	0.000000
3.864000	0.000000
3.866000	0.000000
3.868000	0.000000
3.870000	0.000000
3.872000	0.000000
3.874000	0.000000
3.876000	0.000000
3.878000	0.000000
3.880000	0.000000
3.882000	0.000000
3.884000	0.000000
3.886000	0.000000
3.888000	0.000000
3.890000	0.000000
3.892000	0.000000
3.894000	0.000000
3.896000	0.000000
3.898000	0.000000
3.900000	0.000000
3.902000	0.000000
3.904000	0.000000
3.906000	0.000000
3.908000	0.000000
3.910000	0.000000
3.912000	0.000000
3.914000	0.000000
3.916000	0.000000
3.918000	0.000000
3.920000	0.000000
3.922000	0.000000
3.924000	0.000000
3.926000	0.000000
3.928000	0.000000
3.930000	0.000000
3.932000	0.000000
3.934000	0.000000
3.936000	0.000000
3.938000	0.000000
3.940000	0.000000
3.942000	0.000000
3.944000	0.000000
3.946000	0.000000
3.948000	0.000000
3.950000	0.000000
3.952000	0.000000
3.954000	0.000000
3.956000	0.000000
3.958000	0.000000
3.960000	0.000000
3.962000	0.000000
3.964000	0.000000
3.966000	0.000000
3.968000	0.000000
3.970000	0.000000
3.972000	0.000000
3.974000	0.000000
3.976000	0.000000
3.978000	0.000000
3.980000	0.000000
3.982000	0.000000
3.984000	0.000000
3.986000	0.000000
3.988000	0.000000
3.990000	0.000000
3.992000	0.000000
3.994000	0.000000
3.996000	0.000000
3.998000	0.000000
4.000000	0.000000
4.002000	0.000000
4.004000	0.000000
4.006000	0.000000
4.008000	0.000000
4.010000	0.000000
4.012000	0.000000
4.014000	0.000000
4.016000	0.000000
4.018000	0.000000
4.020000	0.000000
4.022000	0.000000
4.024000	0.000000
4.026000	0.000000
4.028000	0.000000
4.030000	0.000000
4.032000	0.000000
4.034000	0.000000
4.036000	0.000000
4.038000	0.000000
4.040000	0.000000
4.042000	0.000000
4.044000	0.000000
4.046000	0.000000
4.048000	0.000000
4.050000	0.000000
4.052000	0.000000
4.054000	0.000000
4.056000	0.000000
4.058000	0.000000
4.060000	0.000000
4.062000	0.000000
4.064000	0.000000
4.066000	0.000000
4.068000	0.000000
4.070000	0.000000
4.072000	0.000000
4.074000	0.000000
4.076000	0.000000
4.078000	0.000000
4.080000	0.000000
4.082000	0.000000
4.084000	0.000000
4.086000	0.000000
4.088000	0.000000
4.090000	0.000000
4.092000	0.000000
4.094000	0.000000
4.096000	0.000000
4.098000	0.000000
4.100000	0.000000
4.102000	0.000000
4.104000	0.000000
4.106000	0.000000
4.108000	0.000000
4.110000	0.000000
4.112000	0.000000
4.114000	0.000000
4.116000	0.000000
4.118000	0.000000
4.120000	0.000000
4.122000	0.000000
4.124000	0.000000
4.126000	0.000000
4.128000	0.000000
4.130000	0.000000
4.132000	0.000000
4.134000	0.000000
4.136000	0.000000
4.138000	0.000000
4.140000	0.000000
4.142000	0.000000
4.144000	0.000000
4.146000	0.000000
4.148000	0.000000
4.150000	0.000000
4.152000	0.000000
4.154000	0.000000
4.156000	0.000000
4.158000	0.000000
4.160000	0.000000
4.162000	0.000000
4.164000	0.000000
4.166000	0.000000
4.168000	0.000000
4.170000	0.000000
4.172000	0.000000
4.174000	0.000000
4.176000	0.000000
4.178000	0.000000
4.180000	0.000000
4.182000	0.000000
4.184000	0.000000
4.186000	0.000000
4.188000	0.000000
4.190000	0.000000
4.192000	0.000000
4.194000	0.000000
4.196000	0.000000
4.198000	0.000000
4.200000	0.000000
4.202000	0.000000
4.204000	0.000000
4.206000	0.000000
4.208000	0.000000
4.210000	0.000000
4.212000	0.000000
4.214000	0.000000
4.216000	0.000000
4.218000	0.000000
4.220000	0.000000
4.222000	0.000000
4.224000	0.000000
4.226000	0.000000
4.228000	0.000000
4.230000	0.000000
4.232000	0.000000
4.234000	0.000000
4.236000	0.000000
4.238000	0.000000
4.240000	0.000000
4.242000	0.000000
4.244000	0.000000
4.246000	0.000000
4.248000	0.000000
4.250000	0.000000
4.252000	0.000000
4.254000	0.000000
4.256000	0.000000
4.258000	0.000000
4.260000	0.000000
4.262000	0.000000
4.264000	0.000000
4.266000	0.000000
4.268000	0.000000
4.270000	0.000000
4.272000	0.000000
4.274000	0.000000
4.276000	0.000000
4.278000	0.000000
4.280000	0.000000
4.282000	0.000000
4.284000	0.000000
4.286000	0.000000
4.288000	0.000000
4.290000	0.000000
4.292000	0.000000
4.294000	0.000000
4.296000	0.000000
4.298000	0.000000
4.300000	0.000000
4.302000	0.000000
4.304000	0.000000
4.306000	0.000000
4.308000	0.000000
4.310000	0.000000
4.312000	0.000000
4.314000	0.000000
4.316000	0.000000
4.318000	0.000000
4.320000	0.000000
4.322000	0.000000
4.324000	0.000000
4.326000	0.000000
4.328000	0.000000
4.330000	0.000000
4.332000	0.000000
4.334000	0.000000
4.336000	0.000000
4.338000	0.000000
4.340000	0.000000
4.342000	0.000000
4.344000	0.000000
4.346000	0.000000
4.348000	0.000000
4.350000	0.000000
4.352000	0.000000
4.354000	0.000000
4.356000	0.000000
4.358000	0.000000
4.360000	0.000000
4.362000	0.000000
4.364000	0.000000
4.366000	0.000000
4.368000	0.000000
4.370000	0.000000
4.372000	0.000000
4.374000	0.000000
4.376000	0.000000
4.378000	0.000000
4.380000	0.000000
4.382000	0.000000
4.384000	0.000000
4.386000	0.000000
4.388000	0.000000
4.390000	0.000000
4.392000	0.000000
4.394000	0.000000
4.396000	0.000000
4.398000	0.000000
4.400000	0.000000
4.402000	0.000000
4.404000	0.000000
4.406000	0.000000
4.408000	0.000000
4.410000	0.000000
4.412000	0.000000
4.414000	0.000000
4.416000	0.000000
4.418000	0.000000
4.420000	0.000000
4.422000	0.000000
4.424000	0.000000
4.426000	0.000000
4.428000	0.000000
4.430000	0.000000
4.432000	0.000000
4.434000	0.000000
4.436000	0.000000
4.438000	0.000000
4.440000	0.000000
4.442000	0.000000
4.444000	0.000000
4.446000	0.000000
4.448000	0.000000
4.450000	0.000000
4.452000	0.000000
4.454000	0.000000
4.456000	0.000000
4.458000	0.000000
4.460000	0.000000
4.462000	0.000000
4.464000	0.000000
4.466000	0.000000
4.468000	0.000000
4.470000	0.000000
4.472000	0.000000
4.474000	0.000000
4.476000	0.000000
4.478000	0.000000
4.480000	0.000000
4.482000	0.000000
4.484000	0.000000
4.486000	0.000000
4.488000	0.000000
4.490000	0.000000
4.492000	0.000000
4.494000	0.000000
4.496000	0.000000
4.498000	0.000000
4.500000	0.000000
4.502000	0.000000
4.504000	0.000000
4.506000	0.000000
4.508000	0.000000
4.510000	0.000000
4.512000	0.000000
4.514000	0.000000
4.516000	0.000000
4.518000	0.000000
4.520000	0.000000
4.522000	0.000000
4.524000	0.000000
4.526000	0.000000
4.528000	0.000000
4.530000	0.000000
4.532000	0.000000
4.534000	0.000000
4.536000	0.000000
4.538000	0.000000
4.540000	0.000000
4.542000	0.000000
4.544000	0.000000
4.546000	0.000000
4.548000	0.000000
4.550000	0.000000
4.552000	0.000000
4.554000	0.000000
4.556000	0.000000
4.558000	0.000000
4.560000	0.000000
4.562000	0.000000
4.564000	0.000000
4.566000	0.000000
4.568000	0.000000
4.570000	0.000000
4.572000	0.000000
4.574000	0.000000
4.576000	0.000000
4.578000	0.000000
4.580000	0.000000
4.582000	0.000000
4.584000	0.000000
4.586000	0.000000
4.588000	0.000000
4.590000	0.000000
4.592000	0.000000
4.594000	0.000000
4.596000	0.000000
4.598000	0.000000
4.600000	0.000000
4.602000	0.000000
4.604000	0.000000
4.606000	0.000000
4.608000	0.000000
4.610000	0.000000
4.612000	0.000000
4.614000	0.000000
4.616000	0.000000
4.618000	0.000000
4.620000	0.000000
4.622000	0.000000
4.624000	0.000000
4.626000	0.000000
4.628000	0.000000
4.630000	0.000000
4.632000	0.000000
4.634000	0.000000
4.636000	0.000000
4.638000	0.000000
4.640000	0.000000
4.642000	0.000000
4.644000	0.000000
4.646000	0.000000
4.648000	0.000000
4.650000	0.000000
4.652000	0.000000
4.654000	0.000000
4.656000	0.000000
4.658000	0.000000
4.660000	0.000000
4.662000	0.000000
4.664000	0.000000
4.666000	0.000000
4.668000	0.000000
4.670000	0.000000
4.672000	0.000000
4.674000	0.000000
4.676000	0.000000
4.678000	0.000000
4.680000	0.000000
4.682000	0.000000
4.684000	0.000000
4.686000	0.000000
4.688000	0.000000
4.690000	0.000000
4.692000	0.000000
4.694000	0.000000
4.696000	0.000000
4.698000	0.000000
4.700000	0.000000
4.702000	0.000000
4.704000	0.000000
4.706000	0.000000
4.708000	0.000000
4.710000	0.000000
4.712000	0.000000
4.714000	0.000000
4.716000	0.000000
4.718000	0.000000
4.720000	0.000000
4.722000	0.000000
4.724000	0.000000
4.726000	0.000000
4.728000	0.000000
4.730000	0.000000
4.732000	0.000000
4.734000	0.000000
4.736000	0.000000
4.738000	0.000000
4.740000	0.000000
4.742000	0.000000
4.744000	0.000000
4.746000	0.000000
4.748000	0.000000
4.750000	0.000000
4.752000	0.000000
4.754000	0.000000
4.756000	0.000000
4.758000	0.000000
4.760000	0.000000
4.762000	0.000000
4.764000	0.000000
4.766000	0.000000
4.768000	0.000000
4.770000	0.000000
4.772000	0.000000
4.774000	0.000000
4.776000	0.000000
4.778000	0.000000
4.780000	0.000000
4.782000	0.000000
4.784000	0.000000
4.786000	0.000000
4.788000	0.000000
4.790000	0.000000
4.792000	0.000000
4.794000	0.000000
4.796000	0.000000
4.798000	0.000000
4.800000	0.000000
4.802000	0.000000
4.804000	0.000000
4.806000	0.000000
4.808000	0.000000
4.810000	0.000000
4.812000	0.000000
4.814000	0.000000
4.816000	0.000000
4.818000	0.000000
4.820000	0.000000
4.822000	0.000000
4.824000	0.000000
4.826000	0.000000
4.828000	0.000000
4.830000	0.000000
4.832000	0.000000
4.834000	0.000000
4.836000	0.000000
4.838000	0.000000
4.840000	0.000000
4.842000	0.000000
4.844000	0.000000
4.846000	0.000000
4.848000	0.000000
4.850000	0.000000
4.852000	0.000000
4.854000	0.000000
4.856000	0.000000
4.858000	0.000000
4.860000	0.000000
4.862000	0.000000
4.864000	0.000000
4.866000	0.000000
4.868000	0.000000
4.870000	0.000000
4.872000	0.000000
4.874000	0.000000
4.876000	0.000000
4.878000	0.000000
4.880000	0.000000
4.882000	0.000000
4.884000	0.000000
4.886000	0.000000
4.888000	0.000000
4.890000	0.000000
4.892000	0.000000
4.894000	0.000000
4.896000	0.000000
4.898000	0.000000
4.900000	0.000000
4.902000	0.000000
4.904000	0.000000
4.906000	0.000000
4.908000	0.000000
4.910000	0.000000
4.912000	0.000000
4.914000	0.000000
4.916000	0.000000
4.918000	0.000000
4.920000	0.000000
4.922000	0.000000
4.924000	0.000000
4.926000	0.000000
4.928000	0.000000
4.930000	0.000000
4.932000	0.000000
4.934000	0.000000
4.936000	0.000000
4.938000	0.000000
4.940000	0.000000
4.942000	0.000000
4.944000	0.000000
4.946000	0.000000
4.948000	0.000000
4.950000	0.000000
4.952000	0.000000
4.954000	0.000000
4.956000	0.000000
4.958000	0.000000
4.960000	0.000000
4.962000	0.000000
4.964000	0.000000
4.966000	0.000000
4.968000	0.000000
4.970000	0.000000
4.972000	0.000000
4.974000	0.000000
4.976000	0.000000
4.978000	0.000000
4.980000	0.000000
4.982000	0.000000
4.984000	0.000000
4.986000	0.000000
4.988000	0.000000
4.990000	0.000000
4.992000	0.000000
4.994000	0.000000
4.996000	0.000000
4.998000	0.000000
5.000000	0.000000
5.002000	0.000000
5.004000	0.000000
5.006000	0.000000
5.008000	0.000000
5.010000	0.000000
5.012000	0.000000
5.014000	0.000000
5.016000	0.000000
5.018000	0.000000
5.020000	0.000000
5.022000	0.000000
5.024000	0.000000
5.026000	0.000000
5.028000	0.000000
5.030000	0.000000
5.032000	0.000000
5.034000	0.000000
5.036000	0.000000
5.038000	0.000000
5.040000	0.000000
5.042000	0.000000
5.044000	0.000000
5.046000	0.000000
5.048000	0.000000
5.050000	0.000000
5.052000	0.000000
5.054000	0.000000
5.056000	0.000000
5.058000	0.000000
5.060000	0.000000
5.062000	0.000000
5.064000	0.000000
5.066000	0.000000
5.068000	0.000000
5.070000	0.000000
5.072000	0.000000
5.074000	0.000000
5.076000	0.000000
5.078000	0.000000
5.080000	0.000000
5.082000	0.000000
5.084000	0.000000
5.086000	0.000000
5.088000	0.000000
5.090000	0.000000
5.092000	0.000000
5.094000	0.000000
5.096000	0.000000
5.098000	0.000000
5.100000	0.000000
5.102000	0.000000
5.104000	0.000000
5.106000	0.000000
5.108000	0.000000
5.110000	0.000000
5.112000	0.000000
5.114000	0.000000
5.116000	0.000000
5.118000	0.000000
5.120000	0.000000
5.122000	0.000000
5.124000	0.000000
5.126000	0.000000
5.128000	0.000000
5.130000	0.000000
5.132000	0.000000
5.134000	0.000000
5.136000	0.000000
5.138000	0.000000
5.140000	0.000000
5.142000	0.000000
5.144000	0.000000
5.146000	0.000000
5.148000	0.000000
5.150000	0.000000
5.152000	0.000000
5.154000	0.000000
5.156000	0.000000
5.158000	0.000000
5.160000	0.000000
5.162000	0.000000
5.164000	0.000000
5.166000	0.000000
5.168000	0.000000
5.170000	0.000000
5.172000	0.000000
5.174000	0.000000
5.176000	0.000000
5.178000	0.000000
5.180000	0.000000
5.182000	0.000000
5.184000	0.000000
5.186000	0.000000
5.188000	0.000000
5.190000	0.000000
5.192000	0.000000
5.194000	0.000000
5.196000	0.000000
5.198000	0.000000
5.200000	0.000000
5.202000	0.000000
5.204000	0.000000
5.206000	0.000000
5.208000	0.000000
5.210000	0.000000
5.212000	0.000000
5.214000	0.000000
5.216000	0.000000
5.218000	0.000000
5.220000	0.000000
5.222000	0.000000
5.224000	0.000000
5.226000	0.000000
5.228000	0.000000
5.230000	0.000000
5.232000	0.000000
5.234000	0.000000
5.236000	0.000000
5.238000	0.000000
5.240000	0.000000
5.242000	0.000000
5.244000	0.000000
5.246000	0.000000
5.248000	0.000000
5.250000	0.000000
5.252000	0.000000
5.254000	0.000000
5.256000	0.000000
5.258000	0.000000
5.260000	0.000000
5.262000	0.000000
5.264000	0.000000
5.266000	0.000000
5.268000	0.000000
5.270000	0.000000
5.272000	0.000000
5.274000	0.000000
5.276000	0.000000
5.278000	0.000000
5.280000	0.000000
5.282000	0.000000
5.284000	0.000000
5.286000	0.000000
5.288000	0.000000
5.290000	0.000000
5.292000	0.000000
5.294000	0.000000
5.296000	0.000000
5.298000	0.000000
5.300000	0.000000
5.302000	0.000000
5.304000	0.000000
5.306000	0.000000
5.308000	0.000000
5.310000	0.000000
5.312000	0.000000
5.314000	0.000000
5.316000	0.000000
5.318000	0.000000
5.320000	0.000000
5.322000	0.000000
5.324000	0.000000
5.326000	0.000000
5.328000	0.000000
5.330000	0.000000
5.332000	0.000000
5.334000	0.000000
5.336000	0.000000
5.338000	0.000000
5.340000	0.000000
5.342000	0.000000
5.344000	0.000000
5.346000	0.000000
5.348000	0.000000
5.350000	0.000000
5.352000	0.000000
5.354000	0.000000
5.356000	0.000000
5.358000	0.000000
5.360000	0.000000
5.362000	0.000000
5.364000	0.000000
5.366000	0.000000
5.368000	0.000000
5.370000	0.000000
5.372000	0.000000
5.374000	0.000000
5.376000	0.000000
5.378000	0.000000
5.380000	0.000000
5.382000	0.000000
5.384000	0.000000
5.386000	0.000000
5.388000	0.000000
5.390000	0.000000
5.392000	0.000000
5.394000	0.000000
5.396000	0.000000
5.398000	0.000000
5.400000	0.000000
5.402000	0.000000
5.404000	0.000000
5.406000	0.000000
5.408000	0.000000
5.410000	0.000000
5.412000	0.000000
5.414000	0.000000
5.416000	0.000000
5.418000	0.000000
5.420000	0.000000
5.422000	0.000000
5.424000	0.000000
5.426000	0.000000
5.428000	0.000000
5.430000	0.000000
5.432000	0.000000
5.434000	0.000000
5.436000	0.000000
5.438000	0.000000
5.440000	0.000000
5.442000	0.000000
5.444000	0.000000
5.446000	0.000000
5.448000	0.000000
5.450000	0.000000
5.452000	0.000000
5.454000	0.000000
5.456000	0.000000
5.458000	0.000000
5.460000	0.000000
5.462000	0.000000
5.464000	0.000000
5.466000	0.000000
5.468000	0.000000
5.470000	0.000000
5.472000	0.000000
5.474000	0.000000
5.476000	0.000000
5.478000	0.000000
5.480000	0.000000
5.482000	0.000000
5.484000	0.000000
5.486000	0.000000
5.488000	0.000000
5.490000	0.000000
5.492000	0.000000
5.494000	0.000000
5.496000	0.000000
5.498000	0.000000
5.500000	0.000000
5.502000	0.000000
5.504000	0.000000
5.506000	0.000000
5.508000	0.000000
5.510000	0.000000
5.512000	0.000000
5.514000	0.000000
5.516000	0.000000
5.518000	0.000000
5.520000	0.000000
5.522000	0.000000
5.524000	0.000000
5.526000	0.000000
5.528000	0.000000
5.530000	0.000000
5.532000	0.000000
5.534000	0.000000
5.536000	0.000000
5.538000	0.000000
5.540000	0.000000
5.542000	0.000000
5.544000	0.000000
5.546000	0.000000
5.548000	0.000000
5.550000	0.000000
5.552000	0.000000
5.554000	0.000000
5.556000	0.000000
5.558000	0.000000
5.560000	0.000000
5.562000	0.000000
5.564000	0.000000
5.566000	0.000000
5.568000	0.000000
5.570000	0.000000
5.572000	0.000000
5.574000	0.000000
5.576000	0.000000
5.578000	0.000000
5.580000	0.000000
5.582000	0.000000
5.584000	0.000000
5.586000	0.000000
5.588000	0.000000
5.590000	0.000000
5.592000	0.000000
5.594000	0.000000
5.596000	0.000000
5.598000	0.000000
5.600000	0.000000
5.602000	0.000000
5.604000	0.000000
5.606000	0.000000
5.608000	0.000000
5.610000	0.000000
5.612000	0.000000
5.614000	0.000000
5.616000	0.000000
5.618000	0.000000
5.620000	0.000000
5.622000	0.000000
5.624000	0.000000
5.626000	0.000000
5.628000	0.000000
5.630000	0.000000
5.632000	0.000000
5.634000	0.000000
5.636000	0.000000
5.638000	0.000000
5.640000	0.000000
5.642000	0.000000
5.644000	0.000000
5.646000	0.000000
5.648000	0.000000
5.650000	0.000000
5.652000	0.000000
5.654000	0.000000
5.656000	0.000000
5.658000	0.000000
5.660000	0.000000
5.662000	0.000000
5.664000	0.000000
5.666000	0.000000
5.668000	0.000000
5.670000	0.000000
5.672000	0.000000
5.674000	0.000000
5.676000	0.000000
5.678000	0.000000
5.680000	0.000000
5.682000	0.000000
5.684000	0.000000
5.686000	0.000000
5.688000	0.000000
5.690000	0.000000
5.692000	0.000000
5.694000	0.000000
5.696000	0.000000
5.698000	0.000000
5.700000	0.000000
5.702000	0.000000
5.704000	0.000000
5.706000	0.000000
5.708000	0.000000
5.710000	0.000000
5.712000	0.000000
5.714000	0.000000
5.716000	0.000000
5.718000	0.000000
5.720000	0.000000
5.722000	0.000000
5.724000	0.000000
5.726000	0.000000
5.728000	0.000000
5.730000	0.000000
5.732000	0.000000
5.734000	0.000000
5.736000	0.000000
5.738000	0.000000
5.740000	0.000000
5.742000	0.000000
5.744000	0.000000
5.746000	0.000000
5.748000	0.000000
5.750000	0.000000
5.752000	0.000000
5.754000	0.000000
5.756000	0.000000
5.758000	0.000000
5.760000	0.000000
5.762000	0.000000
5.764000	0.000000
5.766000	0.000000
5.768000	0.000000
5.770000	0.000000
5.772000	0.000000
5.774000	0.000000
5.776000	0.000000
5.778000	0.000000
5.780000	0.000000
5.782000	0.000000
5.784000	0.000000
5.786000	0.000000
5.788000	0.000000
5.790000	0.000000
5.792000	0.000000
5.794000	0.000000
5.796000	0.000000
5.798000	0.000000
5.800000	0.000000
5.802000	0.000000
5.804000	0.000000
5.806000	0.000000
5.808000	0.000000
5.810000	0.000000
5.812000	0.000000
5.814000	0.000000
5.816000	0.000000
5.818000	0.000000
5.820000	0.000000
5.822000	0.000000
5.824000	0.000000
5.826000	0.000000
5.828000	0.000000
5.830000	0.000000
5.832000	0.000000
5.834000	0.000000
5.836000	0.000000
5.838000	0.000000
5.840000	0.000000
5.842000	0.000000
5.844000	0.000000
5.846000	0.000000
5.848000	0.000000
5.850000	0.000000
5.852000	0.000000
5.854000	0.000000
5.856000	0.000000
5.858000	0.000000
5.860000	0.000000
5.862000	0.000000
5.864000	0.000000
5.866000	0.000000
5.868000	0.000000
5.870000	0.000000
5.872000	0.000000
5.874000	0.000000
5.876000	0.000000
5.878000	0.000000
5.880000	0.000000
5.882000	0.000000
5.884000	0.000000
5.886000	0.000000
5.888000	0.000000
5.890000	0.000000
5.892000	0.000000
5.894000	0.000000
5.896000	0.000000
5.898000	0.000000
5.900000	0.000000
5.902000	0.000000
5.904000	0.000000
5.906000	0.000000
5.908000	0.000000
5.910000	0.000000
5.912000	0.000000
5.914000	0.000000
5.916000	0.000000
5.918000	0.000000
5.920000	0.000000
5.922000	0.000000
5.924000	0.000000
5.926000	0.000000
5.928000	0.000000
5.930000	0.000000
5.932000	0.000000
5.934000	0.000000
5.936000	0.000000
5.938000	0.000000
5.940000	0.000000
5.942000	0.000000
5.944000	0.000000
5.946000	0.000000
5.948000	0.000000
5.950000	0.000000
5.952000	0.000000
5.954000	0.000000
5.956000	0.000000
5.958000	0.000000
5.960000	0.000000
5.962000	0.000000
5.964000	0.000000
5.966000	0.000000
5.968000	0.000000
5.970000	0.000000
5.972000	0.000000
5.974000	0.000000
5.976000	0.000000
5.978000	0.000000
5.980000	0.000000
5.982000	0.000000
5.984000	0.000000
5.986000	0.000000
5.988000	0.000000
5.990000	0.000000
5.992000	0.000000
5.994000	0.000000
5.996000	0.000000
5.998000	0.000000
6.000000	0.000000
6.002000	0.000000
6.004000	0.000000
6.006000	0.000000
6.008000	0.000000
6.010000	0.000000
6.012000	0.000000
6.014000	0.000000
6.016000	0.000000
6.018000	0.000000
6.020000	0.000000
6.022000	0.000000
6.024000	0.000000
6.026000	0.000000
6.028000	0.000000
6.030000	0.000000
6.032000	0.000000
6.034000	0.000000
6.036000	0.000000
6.038000	0.000000
6.040000	0.000000
6.042000	0.000000
6.044000	0.000000
6.046000	0.000000
6.048000	0.000000
6.050000	0.000000
6.052000	0.000000
6.054000	0.000000
6.056000	0.000000
6.058000	0.000000
6.060000	0.000000
6.062000	0.000000
6.064000	0.000000
6.066000	0.000000
6.068000	0.000000
6.070000	0.000000
6.072000	0.000000
6.074000	0.000000
6.076000	0.000000
6.078000	0.000000
6.080000	0.000000
6.082000	0.000000
6.084000	0.000000
6.086000	0.000000
6.088000	0.000000
6.090000	0.000000
6.092000	0.000000
6.094000	0.000000
6.096000	0.000000
6.098000	0.000000
6.100000	0.000000
6.102000	0.000000
6.104000	0.000000
6.106000	0.000000
6.108000	0.000000
6.110000	0.000000
6.112000	0.000000
6.114000	0.000000
6.116000	0.000000
6.118000	0.000000
6.120000	0.000000
6.122000	0.000000
6.124000	0.000000
6.126000	0.000000
6.128000	0.000000
6.130000	0.000000
6.132000	0.000000
6.134000	0.000000
6.136000	0.000000
6.138000	0.000000
6.140000	0.000000
6.142000	0.000000
6.144000	0.000000
6.146000	0.000000
6.148000	0.000000
6.150000	0.000000
6.152000	0.000000
6.154000	0.000000
6.156000	0.000000
6.158000	0.000000
6.160000	0.000000
6.162000	0.000000
6.164000	0.000000
6.166000	0.000000
6.168000	0.000000
6.170000	0.000000
6.172000	0.000000
6.174000	0.000000
6.176000	0.000000
6.178000	0.000000
6.180000	0.000000
6.182000	0.000000
6.184000	0.000000
6.186000	0.000000
6.188000	0.000000
6.190000	0.000000
6.192000	0.000000
6.194000	0.000000
6.196000	0.000000
6.198000	0.000000
6.200000	0.000000
6.202000	0.000000
6.204000	0.000000
6.206000	0.000000
6.208000	0.000000
6.210000	0.000000
6.212000	0.000000
6.214000	0.000000
6.216000	0.000000
6.218000	0.000000
6.220000	0.000000
6.222000	0.000000
6.224000	0.000000
6.226000	0.000000
6.228000	0.000000
6.230000	0.000000
6.232000	0.000000
6.234000	0.000000
6.236000	0.000000
6.238000	0.000000
6.240000	0.000000
6.242000	0.000000
6.244000	0.000000
6.246000	0.000000
6.248000	0.000000
6.250000	0.000000
6.252000	0.000000
6.254000	0.000000
6.256000	0.000000
6.258000	0.000000
6.260000	0.000000
6.262000	0.000000
6.264000	0.000000
6.266000	0.000000
6.268000	0.000000
6.270000	0.000000
6.272000	0.000000
6.274000	0.000000
6.276000	0.000000
6.278000	0.000000
6.280000	0.000000
6.282000	0.000000
6.284000	0.000000
6.286000	0.000000
6.288000	0.000000
6.290000	0.000000
6.292000	0.000000
6.294000	0.000000
6.296000	0.000000
6.298000	0.000000
6.300000	0.000000
6.302000	0.000000
6.304000	0.000000
6.306000	0.000000
6.308000	0.000000
6.310000	0.000000
6.312000	0.000000
6.314000	0.000000
6.316000	0.000000
6.318000	0.000000
6.320000	0.000000
6.322000	0.000000
6.324000	0.000000
6.326000	0.000000
6.328000	0.000000
6.330000	0.000000
6.332000	0.000000
6.334000	0.000000
6.336000	0.000000
6.338000	0.000000
6.340000	0.000000
6.342000	0.000000
6.344000	0.000000
6.346000	0.000000
6.348000	0.000000
6.350000	0.000000
6.352000	0.000000
6.354000	0.000000
6.356000	0.000000
6.358000	0.000000
6.360000	0.000000
6.362000	0.000000
6.364000	0.000000
6.366000	0.000000
6.368000	0.000000
6.370000	0.000000
6.372000	0.000000
6.374000	0.000000
6.376000	0.000000
6.378000	0.000000
6.380000	0.000000
6.382000	0.000000
6.384000	0.000000
6.386000	0.000000
6.388000	0.000000
6.390000	0.000000
6.392000	0.000000
6.394000	0.000000
6.396000	0.000000
6.398000	0.000000
6.400000	0.000000
6.402000	0.000000
6.404000	0.000000
6.406000	0.000000
6.408000	0.000000
6.410000	0.000000
6.412000	0.000000
6.414000	0.000000
6.416000	0.000000
6.418000	0.000000
6.420000	0.000000
6.422000	0.000000
6.424000	0.000000
6.426000	0.000000
6.428000	0.000000
6.430000	0.000000
6.432000	0.000000
6.434000	0.000000
6.436000	0.000000
6.438000	0.000000
6.440000	0.000000
6.442000	0.000000
6.444000	0.000000
6.446000	0.000000
6.448000	0.000000
6.450000	0.000000
6.452000	0.000000
6.454000	0.000000
6.456000	0.000000
6.458000	0.000000
6.460000	0.000000
6.462000	0.000000
6.464000	0.000000
6.466000	0.000000
6.468000	0.000000
6.470000	0.000000
6.472000	0.000000
6.474000	0.000000
6.476000	0.000000
6.478000	0.000000
6.480000	0.000000
6.482000	0.000000
6.484000	0.000000
6.486000	0.000000
6.488000	0.000000
6.490000	0.000000
6.492000	0.000000
6.494000	0.000000
6.496000	0.000000
6.498000	0.000000
6.500000	0.000000
6.502000	0.000000
6.504000	0.000000
6.506000	0.000000
6.508000	0.000000
6.510000	0.000000
6.512000	0.000000
6.514000	0.000000
6.516000	0.000000
6.518000	0.000000
6.520000	0.000000
6.522000	0.000000
6.524000	0.000000
6.526000	0.000000
6.528000	0.000000
6.530000	0.000000
6.532000	0.000000
6.534000	0.000000
6.536000	0.000000
6.538000	0.000000
6.540000	0.000000
6.542000	0.000000
6.544000	0.000000
6.546000	0.000000
6.548000	0.000000
6.550000	0.000000
6.552000	0.000000
6.554000	0.000000
6.556000	0.000000
6.558000	0.000000
6.560000	0.000000
6.562000	0.000000
6.564000	0.000000
6.566000	0.000000
6.568000	0.000000
6.570000	0.000000
6.572000	0.000000
6.574000	0.000000
6.576000	0.000000
6.578000	0.000000
6.580000	0.000000
6.582000	0.000000
6.584000	0.000000
6.586000	0.000000
6.588000	0.000000
6.590000	0.000000
6.592000	0.000000
6.594000	0.000000
6.596000	0.000000
6.598000	0.000000
6.600000	0.000000
6.602000	0.000000
6.604000	0.000000
6.606000	0.000000
6.608000	0.000000
6.610000	0.000000
6.612000	0.000000
6.614000	0.000000
6.616000	0.000000
6.618000	0.000000
6.620000	0.000000
6.622000	0.000000
6.624000	0.000000
6.626000	0.000000
6.628000	0.000000
6.630000	0.000000
6.632000	0.000000
6.634000	0.000000
6.636000	0.000000
6.638000	0.000000
6.640000	0.000000
6.642000	0.000000
6.644000	0.000000
6.646000	0.000000
6.648000	0.000000
6.650000	0.000000
6.652000	0.000000
6.654000	0.000000
6.656000	0.000000
6.658000	0.000000
6.660000	0.000000
6.662000	0.000000
6.664000	0.000000
6.666000	0.000000
6.668000	0.000000
6.670000	0.000000
6.672000	0.000000
6.674000	0.000000
6.676000	0.000000
6.678000	0.000000
6.680000	0.000000
6.682000	0.000000
6.684000	0.000000
6.686000	0.000000
6.688000	0.000000
6.690000	0.000000
6.692000	0.000000
6.694000	0.000000
6.696000	0.000000
6.698000	0.000000
6.700000	0.000000
6.702000	0.000000
6.704000	0.000000
6.706000	0.000000
6.708000	0.000000
6.710000	0.000000
6.712000	0.000000
6.714000	0.000000
6.716000	0.000000
6.718000	0.000000
6.720000	0.000000
6.722000	0.000000
6.724000	0.000000
6.726000	0.000000
6.728000	0.000000
6.730000	0.000000
6.732000	0.000000
6.734000	0.000000
6.736000	0.000000
6.738000	0.000000
6.740000	0.000000
6.742000	0.000000
6.744000	0.000000
6.746000	0.000000
6.748000	0.000000
6.750000	0.000000
6.752000	0.000000
6.754000	0.000000
6.756000	0.000000
6.758000	0.000000
6.760000	0.000000
6.762000	0.000000
6.764000	0.000000
6.766000	0.000000
6.768000	0.000000
6.770000	0.000000
6.772000	0.000000
6.774000	0.000000
6.776000	0.000000
6.778000	0.000000
6.780000	0.000000
6.782000	0.000000
6.784000	0.000000
6.786000	0.000000
6.788000	0.000000
6.790000	0.000000
6.792000	0.000000
6.794000	0.000000
6.796000	0.000000
6.798000	0.000000
6.800000	0.000000
6.802000	0.000000
6.804000	0.000000
6.806000	0.000000
6.808000	0.000000
6.810000	0.000000
6.812000	0.000000
6.814000	0.000000
6.816000	0.000000
6.818000	0.000000
6.820000	0.000000
6.822000	0.000000
6.824000	0.000000
6.826000	0.000000
6.828000	0.000000
6.830000	0.000000
6.832000	0.000000
6.834000	0.000000
6.836000	0.000000
6.838000	0.000000
6.840000	0.000000
6.842000	0.000000
6.844000	0.000000
6.846000	0.000000
6.848000	0.000000
6.850000	0.000000
6.852000	0.000000
6.854000	0.000000
6.856000	0.000000
6.858000	0.000000
6.860000	0.000000
6.862000	0.000000
6.864000	0.000000
6.866000	0.000000
6.868000	0.000000
6.870000	0.000000
6.872000	0.000000
6.874000	0.000000
6.876000	0.000000
6.878000	0.000000
6.880000	0.000000
6.882000	0.000000
6.884000	0.000000
6.886000	0.000000
6.888000	0.000000
6.890000	0.000000
6.892000	0.000000
6.894000	0.000000
6.896000	0.000000
6.898000	0.000000
6.900000	0.000000
6.902000	0.000000
6.904000	0.000000
6.906000	0.000000
6.908000	0.000000
6.910000	0.000000
6.912000	0.000000
6.914000	0.000000
6.916000	0.000000
6.918000	0.000000
6.920000	0.000000
6.922000	0.000000
6.924000	0.000000
6.926000	0.000000
6.928000	0.000000
6.930000	0.000000
6.932000	0.000000
6.934000	0.000000
6.936000	0.000000
6.938000	0.000000
6.940000	0.000000
6.942000	0.000000
6.944000	0.000000
6.946000	0.000000
6.948000	0.000000
6.950000	0.000000
6.952000	0.000000
6.954000	0.000000
6.956000	0.000000
6.958000	0.000000
6.960000	0.000000
6.962000	0.000000
6.964000	0.000000
6.966000	0.000000
6.968000	0.000000
6.970000	0.000000
6.972000	0.000000
6.974000	0.000000
6.976000	0.000000
6.978000	0.000000
6.980000	0.000000
6.982000	0.000000
6.984000	0.000000
6.986000	0.000000
6.988000	0.000000
6.990000	0.000000
6.992000	0.000000
6.994000	0.000000
6.996000	0.000000
6.998000	0.000000
7.000000	0.000000
7.002000	0.000000
7.004000	0.000000
7.006000	0.000000
7.008000	0.000000
7.010000	0.000000
7.012000	0.000000
7.014000	0.000000
7.016000	0.000000
7.018000	0.000000
7.020000	0.000000
7.022000	0.000000
7.024000	0.000000
7.026000	0.000000
7.028000	0.000000
