0.001808
0.002030
0.001629
0.000303
0.000016
0.000630
0.000000
0.000000
0.000000
0.000000
0.000000
0.000699
0.002949
0.001969
0.001199
0.000054
0.000051
0.000322
0.000362
0.000286
0.000049
0.000002
0.000086
0.000042
0.000195
0.000116
0.000072
0.000004
0.000001
0.000000
0.000008
0.000003
0.000003
0.000000
0.000000
0.000000
0.000000
0.000000
0.000024
0.000023
0.000017
0.000002
0.000000
0.000003
0.000000
0.000001
0.000001
0.000004
0.000002
0.000000
0.000000
0.000000
0.000000
0.000000
0.000000
0.009850
0.001135
0.005061
0.013496
0.002115
0.001455
0.000000
0.000000
0.000000
0.000000
0.000000
0.000000
0.000000
0.000000
0.000000
0.000000
0.000000
0.000000
0.000000
0.000000
0.000000
0.000000
0.000000
0.000000
0.000000
0.000000
0.000000
0.000000
0.000000
0.000000
0.000000
0.000000
0.000000
0.000164
0.002112
0.003536
0.000787
0.003984
0.000001
0.000009
0.000000
0.000006
0.000002
0.000012
0.000003
0.000001
0.000003
0.000011
0.000074
0.000021
0.000004
0.000025
0.000049
0.000006
0.000004
0.000024
0.000053
0.000017
0.000035
0.000002
0.000013
0.000021
0.000001
0.000000
0.000003
0.000004
0.000013
0.000012
0.000001
0.000012
0.000000
0.000000
0.000000
0.000000
0.000000
0.000000
0.000000
0.000000
0.000000
0.000000
0.000000
0.000000
0.000000
0.000003
0.000007
0.000002
0.000011
0.000000
0.000000
0.000005
0.000001
0.000000
0.000000
0.000000
0.000000
0.000000
0.000000
0.000000
0.000000
0.000000
0.000000
0.000000
0.000000
0.000000
0.000000
0.000000
0.000000
0.000000
0.000000
0.000000
0.000000
0.000000
0.000000
0.000000
0.000000
0.000000
0.000000
0.000000
0.000000
0.000000
0.000000
0.000000
0.000000
0.000000
0.000000
0.000000
0.000000
0.000000
0.000000
0.000000
0.000000
0.000000
0.000000
0.000000
0.000000
0.000000
0.000000
0.000000
0.000000
0.000000
0.000000
0.000000
0.000000
0.000000
0.000000
0.000000
0.000000
0.000000
0.000000
0.000000
0.000000
0.000000
0.000000
0.000000
0.000000
0.000000
0.000000
0.000000
0.000000
0.000000
0.000000
0.000000
0.000000
0.000000
0.000000
0.000000
0.000000
0.000000
0.000000
0.000000
0.000000
0.000000
0.000000
0.000000
0.000000
0.000000
0.000000
0.000000
0.000000
0.000000
0.000000
0.000000
0.000000
0.000000
0.001368
0.001400
0.001655
0.000177
0.000197
0.000232
0.000046
0.000125
0.000237
0.000002
0.000012
0.000006
0.000003
0.000001
0.000056
0.000000
0.000012
0.000038
0.000069
0.000018
0.000000
0.000000
0.000000
0.000000
0.000000
0.000000
0.000001
0.000001
0.000002
0.000004
0.000004
0.000004
0.000000
0.000001
0.000000
0.000004
0.000000
0.000000
0.000000
0.000000
0.000000
0.000000
0.000000
0.000000
0.000000
0.000000
0.000000
0.000000
0.000000
0.000000
0.000000
0.000000
0.000000
0.000352
0.000025
0.000057
0.000002
0.000030
0.000001
0.000007
0.000059
0.000157
0.002887
0.000050
0.000032
0.000035
0.000002
0.000013
0.000001
0.000000
0.000001
0.000025
0.000009
0.000001
0.000003
0.000021
0.000002
0.000000
0.000001
0.000002
0.000000
0.000000
0.000014
0.000001
0.000003
0.000000
0.000000
0.000000
0.000000
0.000000
0.000000
0.000000
0.000000
0.000000
0.000000
0.000000
0.000000
0.000000
0.000000
0.000000
0.000000
0.000012
0.000001
0.000003
0.000000
0.000002
0.000001
0.000001
0.000000
0.000000
0.000000
0.000000
0.000000
0.000002
0.000001
0.000000
0.000000
0.000000
0.000000
0.000002
0.000000
0.000000
0.000000
0.000000
0.000000
0.000000
0.000000
0.000000
0.000000
0.000000
0.000000
0.000000
0.000000
0.000000
0.000000
0.000000
0.000000
0.000000
0.000000
0.000000
0.000231
0.003640
0.000166
0.000899
0.001148
0.000642
0.000000
0.000185
0.000002
0.000002
0.000001
0.000000
0.000466
0.000000
0.001820
0.000014
0.001740
0.000081
0.003021
0.000000
0.000006
0.000066
0.000013
0.000184
0.000012
0.000003
0.000091
0.000029
0.000009
0.000206
0.000012
0.000005
0.000005
0.000046
0.000000
0.000000
0.000006
0.000002
0.000002
0.000004
0.000000
0.000000
0.000000
0.000000
0.000000
0.000001
0.000002
0.000001
0.000001
0.000000
0.000001
0.000001
0.000005
0.000000
0.000001
0.000000
0.000000
0.000000
0.000000
0.000000
0.000000
0.000000
0.000000
0.000000
0.000000
0.000000
0.000000
0.000000
0.000012
0.000003
0.000000
0.000006
0.000008
0.000001
0.000000
0.000004
0.000000
0.000031
0.000001
0.000000
0.000000
0.000000
0.000002
0.000005
0.000000
0.000004
0.000046
0.000000
0.000000
0.000000
0.000000
0.000000
0.000000
0.000000
0.000010
0.000000
0.000009
0.000007
0.000000
0.000036
0.000000
0.000002
0.000000
0.000000
0.000001
0.000000
0.000012
0.000004
0.000000
0.000001
0.000000
0.000004
0.000023
0.000001
0.000000
0.000000
0.000009
0.000012
0.000006
0.000004
0.000018
0.000000
0.000000
0.000004
0.000046
0.000003
0.000004
0.000001
0.000014
0.000002
0.000002
0.000001
0.000009
0.000003
0.000009
0.000000
0.000001
0.000000
0.000000
0.000001
0.000001
0.000003
0.000000
0.000004
0.000002
0.000000
0.000000
0.000000
0.000002
0.000002
0.000003
0.000001
0.000003
0.000000
0.000001
0.000000
0.000000
0.000001
0.000000
0.000000
0.000000
0.000000
0.000000
0.000000
0.000000
0.000000
0.000000
0.000000
0.000001
0.000000
0.000001
0.000000
0.000000
0.000000
0.000000
0.000000
0.000000
0.000000
0.000000
0.000000
0.000000
0.000001
0.000000
0.000000
0.000000
0.000000
0.000000
0.000000
0.000000
0.000081
0.000090
0.000003
0.000072
0.000045
0.000047
0.000001
0.000001
0.000003
0.000006
0.000010
0.000005
0.000003
0.000012
0.000055
0.000004
0.000077
0.002534
0.000006
0.000069
0.000000
0.000000
0.000000
0.000000
0.000000
0.000000
0.000000
0.000000
0.000000
0.000000
0.000000
0.000000
0.000000
0.000000
0.000000
0.000000
0.000000
0.000000
0.000000
0.000000
0.000000
0.000179
0.000635
0.000336
0.000058
0.001583
0.000403
0.000678
0.000105
0.000158
0.000185
0.001066
0.001279
0.000000
0.000583
0.000008
0.000000
0.000000
0.000000
0.000000
0.000000
0.000000
0.000000
0.000000
0.000000
0.000000
0.000000
0.000000
0.000000
0.000000
0.000000
0.000000
0.000000
0.000000
0.000000
0.000000
0.000000
0.000000
0.000000
0.000925
0.000010
0.000048
0.000003
0.000001
0.000000
0.001589
0.000001
0.000934
0.000000
0.000000
0.000000
0.000000
0.000000
0.000000
0.000000
0.000000
0.000000
0.000000
0.000000
0.000000
0.000000
0.000000
0.000000
0.000000
0.000000
0.000000
0.000000
0.000000
0.000000
0.000000
0.000000
0.000000
0.000000
0.000000
0.000000
0.000000
0.000025
0.000038
0.000010
0.000440
0.000000
0.000000
0.000000
0.000000
0.000000
0.000000
0.000000
0.000000
0.000000
0.000000
0.000000
0.000000
0.000000
0.000000
0.000000
0.000000
0.000000
0.000000
0.000000
0.000000
0.000000
0.000000
0.000000
0.000000
0.000000
0.000000
0.000000
0.000000
0.000000
0.000000
0.000000
0.000000
0.000000
0.000000
0.000000
0.000000
0.000000
0.000000
0.000000
0.000000
0.000000
0.000000
0.000000
0.000000
0.000000
0.000000
0.000653
0.000320
0.000022
0.000141
0.000004
0.000001
0.000150
0.000002
0.000048
0.000283
0.000005
0.000041
0.000000
0.000000
0.000000
0.000000
0.000000
0.000000
0.000000
0.000000
0.000000
0.000000
0.000000
0.000000
0.000000
0.000000
0.000000
0.000000
0.000000
0.000000
0.000000
0.000000
0.000000
0.000000
0.000000
0.000000
0.000000
0.000000
0.000000
0.000000
0.000000
0.000000
0.000000
0.000000
0.000000
0.000705
0.004078
0.000000
0.000000
0.000000
0.000000
0.000864
0.000003
0.000004
0.000003
0.000000
0.000000
0.000000
0.000000
0.000000
0.000000
0.000000
0.000013
0.000000
0.000002
0.000000
0.000000
0.000000
0.000000
0.000000
0.000000
0.000000
0.000000
0.000000
0.000000
0.000000
0.000001
0.000000
0.000001
0.000008
0.000010
0.000004
0.000001
0.000009
0.001680
0.000130
0.000016
0.000000
0.000001
0.000000
0.000000
0.001707
0.000141
0.000005
0.000011
0.000108
0.000033
0.000012
0.000001
0.000513
0.000076
0.000000
0.000000
0.000000
0.000000
0.000000
0.000000
0.000000
0.000000
0.000000
0.000000
0.000000
0.000000
0.000000
0.000000
0.000000
0.000000
0.000000
0.000000
0.000000
0.000000
0.000000
0.000000
0.000001
0.000002
0.000001
0.000000
0.000004
0.000005
0.000001
0.000001
0.000000
0.000000
0.000081
0.000000
0.000000
0.000000
0.000000
0.000000
0.000081
0.000001
0.000003
0.000000
0.000004
0.000000
0.000018
0.000002
0.000013
0.000001
0.000158
0.001353
0.000360
0.000075
0.001077
0.000847
0.000457
0.000530
0.000000
0.000000
0.000000
0.000000
0.000000
0.000000
0.000000
0.000000
0.000000
0.000000
0.000000
0.000000
0.000000
0.001047
0.000022
0.000108
0.000054
0.001077
0.000394
0.000042
0.000062
0.000045
0.000008
0.000005
0.000008
0.000299
0.000013
0.000134
0.000057
0.000001
0.000347
0.000005
0.000000
0.000002
0.000101
0.000256
0.000003
0.000008
0.000000
0.000005
0.000003
0.000000
0.000009
0.000000
0.000003
0.000018
0.000012
0.000000
0.000000
0.000000
0.000000
0.000000
0.000000
0.000000
0.000000
0.000000
0.000000
0.000000
0.000000
0.000000
0.000000
0.000000
0.000000
0.000000
0.000000
0.000000
0.000000
0.000000
0.000000
0.000000
0.000000
0.000000
0.000000
0.000000
0.000000
0.000000
0.000000
0.000000
0.000000
0.000000
0.000000
0.000000
0.000000
0.000000
0.000000
0.000000
0.000000
0.000000
0.000000
0.000000
0.000000
0.000000
0.000151
0.000000
0.000000
0.000000
0.000000
0.000000
0.000000
0.000000
0.000000
0.000000
0.000000
0.000000
0.000000
0.000000
0.000000
0.000000
0.000000
0.000000
0.000000
0.000000
0.000000
0.000000
0.000000
0.000000
0.000000
0.000000
0.000000
0.000000
0.000000
0.000000
0.000000
0.000000
0.000000
0.000087
0.000023
0.000000
0.000000
0.000000
0.000000
0.000000
0.000000
0.000000
0.000000
0.000000
0.000000
0.000000
0.000000
0.000000
0.000000
0.000009
0.000008
0.000026
0.000017
0.000002
0.000050
0.000002
0.000000
0.000000
0.000000
0.000000
0.000000
0.000000
0.000000
0.000000
0.000000
0.000000
0.000000
0.000000
0.000000
0.000000
0.000000
0.000000
0.000000
0.000000
0.000000
0.000000
0.000000
0.000000
0.000000
0.000000
0.000000
0.000000
0.000000
0.000000
0.000000
0.000000
0.000000
0.000000
0.000000
0.000000
0.000000
0.000000
0.000000
0.000000
0.000000
0.000000
0.000000
0.000000
0.000000
0.000000
0.000000
0.000000
0.000001
0.000000
0.000000
0.000000
0.000000
0.000000
0.000000
0.000000
0.000000
0.000000
0.000000
0.000000
0.000000
0.000000
0.000000
0.000000
0.000000
0.000000
0.000000
0.000000
0.000000
0.000000
0.000000
0.000000
0.000000
0.000000
0.000000
0.000000
0.000000
0.000000
0.000000
0.000000
0.000000
0.000000
0.000000
0.000000
0.000000
0.000000
0.000000
0.000000
0.000000
0.000000
0.000000
0.000000
0.000000
0.000000
0.000000
0.000000
0.000000
0.000000
0.000000
0.000000
0.000000
0.000000
0.000000
0.000000
0.000000
0.000000
0.000000
0.000000
0.000000
0.000000
0.000000
0.000000
0.000000
0.000000
0.000000
0.000000
0.000000
0.000000
0.000000
0.000000
0.000000
0.000000
0.000000
0.000000
0.000000
0.000000
0.000000
0.000000
0.000000
0.000000
0.000000
0.000000
0.000000
0.000000
0.000000
0.000000
0.000000
0.000000
0.000000
0.000000
0.000000
0.000000
0.000000
0.000000
0.000000
0.000000
0.002036
0.000908
0.000602
0.000008
0.000441
0.000239
0.000000
0.000000
0.000000
0.000000
0.000000
0.000000
0.000000
0.000000
0.000000
0.000000
0.000000
0.000000
0.000000
0.000000
0.000000
0.000000
0.000000
0.000000
0.000000
0.000000
0.000000
0.000000
0.000000
0.000000
0.000004
0.000002
0.000014
0.000007
0.001306
0.000000
0.000000
0.000000
0.000001
0.000001
0.000000
0.000000
0.000000
0.000000
0.000000
0.000000
0.000000
0.000000
0.000000
0.000000
0.000000
0.000000
0.000000
0.000000
0.000000
0.000000
0.000000
0.000000
0.000000
0.000000
0.000000
0.000000
0.000000
0.000000
0.000416
0.004421
0.000008
0.000035
0.000000
0.000000
0.000000
0.000000
0.000000
0.000000
0.000000
0.000000
0.000000
0.000000
0.000000
0.000000
0.000000
0.000000
0.000000
0.000000
0.000000
0.000000
0.000000
0.000000
0.000000
0.000000
0.000000
0.000000
0.000000
0.000000
0.000000
0.000000
0.000000
0.000038
0.000002
0.000002
0.001884
0.000026
0.001637
0.000038
0.000041
0.000034
0.000031
0.000253
0.000000
0.000001
0.000003
0.000003
0.000001
0.000000
0.000000
0.000002
0.000000
0.000000
0.000000
0.000002
0.000000
0.000000
0.000000
0.000000
0.000005
0.000234
0.007110
0.000703
0.000833
0.001506
0.000294
0.000942
0.000110
0.000704
0.000047
0.000001
0.000015
0.000039
0.000124
0.000069
0.000002
0.000023
0.000000
0.000000
0.000000
0.000000
0.000000
0.000000
0.000000
0.000000
0.000000
0.000000
0.000000
0.000000
0.000000
0.000000
0.000000
0.000000
0.000000
0.000000
0.000000
0.000000
0.000000
0.000000
0.000000
0.000000
0.000000
0.000000
0.000000
0.000000
0.000000
0.000000
0.000000
0.000000
0.000000
0.000000
0.000000
0.000000
0.000000
0.000000
0.000000
0.000000
0.000000
0.000000
0.000000
0.000000
0.000000
0.000000
0.000000
0.000000
0.000000
0.000000
0.000053
0.000020
0.000069
0.000057
0.000091
0.000064
0.000097
0.000000
0.000008
0.000002
0.000201
0.000007
0.000022
0.000009
0.000051
0.000002
0.000003
0.000021
0.000005
0.000014
0.000011
0.000000
0.000004
0.000042
0.000001
0.000000
0.000000
0.000000
0.000000
0.000000
0.000000
0.000000
0.000000
0.000000
0.000000
0.000000
0.000000
0.000000
0.000000
0.000000
0.000000
0.000000
0.000000
0.000000
0.000000
0.000000
0.000000
0.000000
0.000000
0.000000
0.000000
0.000000
0.000000
0.000000
0.000000
0.000000
0.000000
0.000000
0.000004
0.000016
0.000001
0.000034
0.000043
0.000128
0.000000
0.000004
0.000025
0.000013
0.000000
0.000015
0.000014
0.000000
0.000037
0.000028
0.000008
0.000000
0.000001
0.000005
0.000000
0.000000
0.000000
0.000000
0.000000
0.000000
0.000000
0.000000
0.000000
0.000000
0.000000
0.000000
0.000000
0.000000
0.000000
0.000000
0.000000
0.000000
0.000000
0.000000
0.000000
0.000000
0.000000
0.000000
0.000000
0.000000
0.000000
0.000000
0.000000
0.000000
0.000000
0.000000
0.000000
0.000000
0.000010
0.000023
0.000001
0.000010
0.000000
0.000022
0.000000
0.000000
0.000000
0.000013
0.000003
0.000000
0.000013
0.000014
0.000002
0.000040
0.000003
0.000002
0.000011
0.000009
0.000000
0.000000
0.000000
0.000000
0.000000
0.000000
0.000000
0.000000
0.000000
0.000027
0.000000
0.000000
0.000003
0.000000
0.000000
0.000000
0.000010
0.000007
0.000003
0.000012
0.000001
0.000002
0.000003
0.000000
0.000001
0.000009
0.000001
0.000000
0.000000
0.000007
0.000000
0.000117
0.000021
0.000022
0.000017
0.000011
0.000015
0.000012
0.000036
0.000001
0.000000
0.000004
0.000109
0.000001
0.000000
0.000004
0.000009
0.000004
0.000031
0.000006
0.000016
0.000000
0.000006
0.000003
0.000001
0.000004
0.000017
0.000001
0.000000
0.000001
0.000004
0.000000
0.000009
0.000036
0.000001
0.000000
0.000008
0.000000
0.000029
0.000006
0.000004
0.000006
0.000001
0.000044
0.000000
0.000000
0.000000
0.000000
0.000000
0.000000
0.000000
0.000000
0.000000
0.000000
0.000000
0.000000
0.000000
0.000019
0.000000
0.000012
0.000001
0.000004
0.000000
0.000005
0.000012
0.000023
0.000001
0.000020
0.000000
0.000000
0.000002
0.000032
0.000050
0.000005
0.000055
0.000004
0.000018
0.000001
0.000004
0.000035
0.000002
0.000000
0.000012
0.000016
0.000001
0.000024
0.000008
0.000001
0.000133
0.000013
0.000006
0.000001
0.000058
0.000009
0.000010
0.000072
0.000000
0.000020
0.000006
0.000002
0.000049
0.000005
0.000010
0.000000
0.000000
0.000005
0.000048
0.000002
0.000002
0.000000
0.000000
0.000000
0.000000
0.000000
0.000000
0.000099
0.000000
0.000163
0.000172
0.000106
0.000034
0.000000
0.000000
0.000000
0.000000
0.000000
0.000000
0.000000
0.000000
0.000000
0.000000
0.000000
0.000000
0.000000
0.000000
0.000000
0.000000
0.000000
0.000000
0.000000
0.000000
0.000000
0.000000
0.000000
0.000000
0.000000
0.000000
0.000000
0.000000
0.000000
0.000003
0.000007
0.000008
0.000012
0.000000
0.000000
0.000000
0.000000
0.000000
0.000000
0.000000
0.000000
0.000000
0.000000
0.000000
0.000000
0.000000
0.000000
0.000013
0.000000
0.000000
0.000001
0.000000
0.000029
0.000007
0.000010
0.000019
0.000010
0.000001
0.000002
0.000006
0.000000
0.000000
0.000000
0.000002
0.000001
0.000001
0.000000
0.000002
0.000002
0.000001
0.000002
0.000000
0.000000
0.000000
0.000001
0.000022
0.000005
0.000008
0.000004
0.000000
0.000001
0.000005
0.000002
0.000000
0.000000
0.000003
0.000001
0.000001
0.000003
0.000004
0.000002
0.000003
0.000000
0.000001
0.000002
0.000002
0.000001
0.000000
0.000001
0.000002
0.000003
0.000003
0.000000
0.000000
0.000001
0.000001
0.000002
0.000000
0.000000
0.000022
0.000000
0.000001
0.000000
0.000000
0.000000
0.000000
0.000000
0.000000
0.000000
0.000000
0.000000
0.000000
0.000000
0.000000
0.000000
0.000001
0.000004
0.000000
0.000001
0.000004
0.000000
0.000002
0.000004
0.000012
0.000000
0.000000
0.000000
0.000000
0.000000
0.000002
0.000011
0.000038
0.000487
0.000000
0.000016
0.000000
0.000000
0.000000
0.000003
0.000000
0.000000
0.000000
0.000000
0.000003
0.000000
0.000000
0.000000
0.000000
0.000000
0.000000
0.000000
0.000000
0.000000
0.000000
0.000000
0.000000
0.000000
0.000000
0.000000
0.000000
0.000000
0.000000
0.000000
0.000000
0.000000
0.000000
0.000000
0.000000
0.000000
0.000000
0.000000
0.000000
0.000000
0.000000
0.000000
0.000000
0.000000
0.000000
0.000000
0.000000
0.000001
0.000002
0.000001
0.000000
0.000008
0.000003
0.000001
0.000003
0.000000
0.000000
0.000000
0.000000
0.000000
0.000000
0.000000
0.000000
0.000000
0.000000
0.000000
0.000000
0.000000
0.000000
0.000000
0.000000
0.000000
0.000000
0.000000
0.000000
0.000000
0.000000
0.000000
0.000000
0.000000
0.000000
0.000000
0.000000
0.000000
0.000000
0.000000
0.000000
0.000000
0.000000
0.000000
0.000000
0.000000
0.000000
0.000000
0.000000
0.000000
0.000000
0.000000
0.000000
0.000000
0.000000
0.000000
0.000000
0.000000
0.000000
0.000000
0.000000
0.000000
0.000000
0.000000
0.000000
0.000000
0.000000
0.000000
0.000000
0.000000
0.000000
0.000000
0.000000
0.000000
0.000000
0.000000
0.000000
0.000000
0.000000
0.000000
0.000000
0.000000
0.000000
0.000000
0.000000
0.000000
0.000000
0.000000
0.000000
0.000000
0.000000
0.000000
0.000000
0.000000
0.000000
0.000000
0.000000
0.000000
0.000000
0.000000
0.000000
0.000002
0.000001
0.000000
0.000000
0.000001
0.000000
0.000000
0.000000
0.000000
0.000000
0.000000
0.000000
0.000000
0.000000
0.000000
0.000000
0.000000
0.000000
0.000000
0.000000
0.000000
0.000000
0.000000
0.000000
0.000000
0.000000
0.000000
0.000000
0.000000
0.000000
0.000000
0.000000
0.000000
0.000000
0.000063
0.000000
0.000071
0.000035
0.000015
0.000000
0.000000
0.000000
0.000000
0.000000
0.000000
0.000000
0.000000
0.000000
0.000000
0.000000
0.000000
0.000000
0.000000
0.000000
0.000000
0.000000
0.000000
0.000000
0.000000
0.000000
0.000000
0.000000
0.000000
0.000000
0.000000
0.000000
0.000000
0.000000
0.000000
0.000000
0.000000
0.000000
0.000000
0.000000
0.000000
0.000000
0.000000
0.000000
0.000000
0.000000
0.000000
0.000000
0.000000
0.000000
0.000000
0.000000
0.000000
0.000000
0.000000
0.000000
0.000000
0.000000
0.000000
0.000000
0.000000
0.000000
0.000000
0.000000
0.000000
0.000000
0.000000
0.000000
0.000000
0.000000
0.000000
0.000000
0.000000
0.000000
0.000000
0.000000
0.000000
0.000000
0.000000
0.000000
0.000000
0.000000
0.000000
0.000000
0.000000
0.000000
0.000000
0.000000
0.000000
0.000000
0.000000
0.000000
0.000000
0.000000
0.000000
0.000000
0.000000
0.000000
0.000000
0.000000
0.000000
0.000000
0.000000
0.000000
0.000000
0.000000
0.000007
0.000264
0.000045
0.000000
0.000000
0.000000
0.000000
0.000000
0.000000
0.000000
0.000000
0.000000
0.000000
0.000013
0.000001
0.000537
0.000043
0.000552
0.000176
0.000000
0.000210
0.000239
0.000044
0.000259
0.000114
0.000083
0.000104
0.000000
0.000159
0.000269
0.000031
0.000027
0.000032
0.000011
0.000098
0.000000
0.000002
0.000084
0.000088
0.000142
0.000002
0.000003
0.000005
0.000127
0.000809
0.000044
0.000000
0.000000
0.000000
0.000000
0.000000
0.000000
0.000000
0.000000
0.000000
0.000000
0.000002
0.000026
0.000006
0.000002
0.000000
0.000000
0.000000
0.000000
0.000000
0.000000
0.000000
0.000494
0.000000
0.000000
0.000000
0.000000
0.000000
0.000000
0.000000
0.000000
0.000000
0.000000
0.000000
0.000007
0.000074
0.000152
0.000014
0.000029
0.000016
0.000055
0.000100
0.000012
0.000080
0.000023
0.000008
0.000273
0.000051
0.000000
0.000016
0.000033
0.000020
0.000389
0.000564
0.000613
0.000043
0.000000
0.000000
0.000000
0.000000
0.000000
0.000000
0.000000
0.000000
0.000000
0.000000
0.000000
0.000000
0.000000
0.000000
0.000000
0.000000
0.000000
0.000000
0.000000
0.000000
0.000000
0.000000
0.000000
0.000005
0.000206
0.000037
0.000198
0.000053
0.000231
0.000012
0.000000
0.000058
0.000004
0.000000
0.000013
0.000022
0.000035
0.000047
0.000000
0.000000
0.000000
0.000000
0.000000
0.000000
0.000000
0.000000
0.000000
0.000000
0.000000
0.000000
0.000000
0.000000
0.000000
0.000000
0.000000
0.000000
0.000000
0.000000
0.000000
0.000000
0.000000
0.000000
0.000000
0.000000
0.000000
0.000000
0.000000
0.000000
0.000000
0.000000
0.000000
0.000000
0.000000
0.000000
0.000000
0.000000
0.000000
0.000000
0.000000
0.000000
0.000000
0.000000
0.000000
0.000000
0.000000
0.000000
0.000000
0.000000
0.000000
0.000000
0.000000
0.000000
0.000000
0.000000
0.000000
0.000000
0.000000
0.000000
0.000000
0.000000
0.000000
0.000000
0.000000
0.000000
0.000000
0.000000
0.000000
0.000000
0.000000
0.000000
0.000000
0.000000
0.000000
0.000000
0.000000
0.000000
0.000000
0.000006
0.000000
0.000035
0.000031
0.000066
0.000026
0.000000
0.000002
0.000038
0.000019
0.000026
0.000016
0.000204
0.000016
0.000085
0.000003
0.000009
0.000274
0.000004
0.000000
0.000000
0.000012
0.000033
0.000000
0.000008
0.000109
0.000002
0.000000
0.000028
0.000000
0.000004
0.001018
0.000004
0.000009
0.000028
0.000007
0.000000
0.000000
0.000001
0.000002
0.000000
0.000004
0.000000
0.000001
0.000134
0.000000
0.000029
0.000109
0.000035
0.000014
0.000076
0.000001
0.000001
0.000082
0.000002
0.000388
0.000062
0.000032
0.000115
0.000132
0.000047
0.000439
0.000028
0.000520
0.000000
0.000295
0.000041
0.000000
0.000000
0.000000
0.000000
0.000000
0.000000
0.000134
0.000051
0.000100
0.000202
0.000116
0.000063
0.000000
0.000033
0.000035
0.000031
0.000000
0.000000
0.000012
0.000022
0.000009
0.000033
0.000012
0.000099
0.000323
0.000242
0.000005
0.000011
0.000005
0.000050
0.000004
0.000001
0.000002
0.000158
0.000001
0.000000
0.000031
0.000002
0.000001
0.000007
0.000318
0.000008
0.000235
0.000002
0.000120
0.000000
0.000002
0.000001
0.000000
0.000000
0.000000
0.000000
0.000000
0.000064
0.000339
0.000057
0.000312
0.000009
0.000165
0.000018
0.000253
0.000005
0.000013
0.000000
0.000007
0.000002
0.000046
0.000014
0.000016
0.000013
0.000061
0.000007
0.000003
0.000012
0.000000
0.000022
0.000002
0.000017
0.000015
0.000009
0.000012
0.000017
0.000038
0.000038
0.000089
0.000041
0.000006
0.000072
0.000003
0.000000
0.000133
0.000022
0.000014
0.000042
0.000001
0.000002
0.000002
0.000024
0.000024
0.000020
0.000018
0.000073
0.000016
0.000001
0.000000
0.000005
0.000000
0.000000
0.000042
0.000030
0.000019
0.000042
0.000004
0.000011
0.000022
0.000043
0.000025
0.000033
0.000662
0.000011
0.000241
0.000196
0.000128
0.000137
0.000005
0.000016
0.000038
0.000040
0.000101
0.000085
0.000002
0.000423
0.000025
0.000154
0.000004
0.000002
0.000015
0.000018
0.000145
0.000001
0.000024
0.000004
0.000002
0.000015
0.000001
0.000009
0.000011
0.000067
0.000021
0.000081
0.000005
0.000018
0.000031
0.000008
0.000002
0.000008
0.000115
0.000046
0.000085
0.000008
0.000010
0.000001
0.000040
0.000001
0.000017
0.000116
0.000000
0.000000
0.000030
0.000000
0.000131
0.000000
0.000006
0.000021
0.000013
0.000007
0.000373
0.000005
0.000118
0.000049
0.000000
0.000022
0.000001
0.000002
0.000012
0.000001
0.000258
0.000145
0.000002
0.000029
0.000001
0.000056
0.000031
0.000006
0.000002
0.000002
0.000000
0.000001
0.000002
0.000012
0.000010
0.000072
0.000045
0.000009
0.000052
0.000008
0.000117
0.000063
0.000129
0.000007
0.000117
0.000000
0.000005
0.000001
0.000000
0.000014
0.000015
0.000002
0.000005
0.000412
0.000000
0.000017
0.000007
0.000000
0.000042
0.000043
0.000007
0.000006
0.000000
0.000041
0.000001
0.000012
0.000191
0.000025
0.000004
0.000000
0.000012
0.000137
0.000008
0.000002
0.000095
0.000179
0.000001
0.000024
0.000134
0.000287
0.000002
0.000213
0.000019
0.000225
0.000074
0.000000
0.000070
0.000233
0.000047
0.000001
0.000006
0.000000
0.000050
0.000006
0.000011
0.000088
0.000010
0.000021
0.000002
0.000003
0.000028
0.000006
0.000002
0.000003
0.000000
0.000000
0.000059
0.000006
0.000134
0.000004
0.000000
0.000001
0.000121
0.000007
0.000040
0.000004
0.000034
0.000012
0.000023
0.000070
0.000005
0.000081
0.000010
0.000004
0.000004
0.000035
0.000000
0.000020
0.000001
0.000018
0.000004
0.000001
0.000007
0.000024
0.000000
0.000000
0.000000
0.000000
0.000000
0.000000
0.000018
0.000000
0.000011
0.000004
0.000000
0.000000
0.000007
0.000004
0.000015
0.000005
0.000000
0.000012
0.000005
0.000015
0.000037
0.000000
0.000000
0.000000
0.000007
0.000026
0.000027
0.000002
0.000003
0.000010
0.000008
0.000000
0.000002
0.000020
0.000001
0.000031
0.000016
0.000000
0.000040
0.000014
0.000039
0.000000
0.000000
0.000012
0.000069
0.000000
0.000007
0.000006
0.000000
0.000000
0.000000
0.000000
0.000000
0.000000
0.000000
0.000000
0.000000
0.000000
0.000000
0.000000
0.000000
